FrameId	FrameMethodId	TimeSegmentId	ActualsOffset	CycleNumber	FirstNonzeroDriftBin	FragClass	FragEnergy	FrameBaseAbund	FrameBaseDriftBin	FrameBaseMsBin	FrameScanTime	FrameSpecAbundLimit	FrameTic	ImsField	ImsPressure	ImsTemperature	ImsTrapTime	IsolationStartMz	IsolationMz	IsolationEndMz	LastNonzeroDriftBin	MassCalOffset	NumTransients
1	1	1	0	1	1	1	NaN	6813	253	96231	0.0630333333333333	NaN	6284107	10.8670001755112	3.95468735694885	27.25	20000	NaN	NaN	NaN	750	0	11
2	1	1	0	2	1	1	NaN	9844	255	96231	0.0795	NaN	6702185	10.8670001755112	3.95468735694885	27.25	20000	NaN	NaN	NaN	750	0	11
3	1	1	0	3	1	1	NaN	7485	255	96231	0.0959833333333333	NaN	6578635	10.8670001755112	3.95468735694885	27.25	20000	NaN	NaN	NaN	750	0	11
4	1	1	0	4	1	1	NaN	7221	252	96231	0.11245	NaN	6077415	10.8670001755112	3.95468735694885	27.25	20000	NaN	NaN	NaN	750	0	11
5	1	1	0	5	1	1	NaN	8659	254	96231	0.128916666666667	NaN	6394709	10.8670001755112	3.95468735694885	27.25	20000	NaN	NaN	NaN	750	0	11
6	1	1	0	6	1	1	NaN	8650	255	96231	0.145383333333333	NaN	6889776	10.8670001755112	3.95468735694885	27.25	20000	NaN	NaN	NaN	750	0	11
7	1	1	0	7	1	1	NaN	7683	254	96231	0.16185	NaN	6671416	10.8670001755112	3.95468735694885	27.25	20000	NaN	NaN	NaN	750	0	11
8	1	1	0	8	1	1	NaN	8694	253	96231	0.178333333333333	NaN	6580203	10.8670001755112	3.95468735694885	27.25	20000	NaN	NaN	NaN	750	0	11
9	1	1	0	9	1	1	NaN	8577	254	96231	0.1948	NaN	7114543	10.8670001755112	3.95468735694885	27.25	20000	NaN	NaN	NaN	750	0	11
10	1	1	0	10	1	1	NaN	8378	254	96231	0.211266666666667	NaN	6283257	10.8670001755112	3.95468735694885	27.25	20000	NaN	NaN	NaN	750	0	11
11	1	1	0	11	1	1	NaN	8543	254	96231	0.227733333333333	NaN	7119267	10.8670001755112	3.95468735694885	27.25	20000	NaN	NaN	NaN	750	0	11
12	1	1	0	12	1	1	NaN	7615	254	96231	0.2442	NaN	7142158	10.8670001755112	3.95468735694885	27.25	20000	NaN	NaN	NaN	750	0	11
13	1	1	0	13	1	1	NaN	9245	254	96231	0.261	NaN	7073522	10.8670001755112	3.95468735694885	27.25	20000	NaN	NaN	NaN	750	0	11
14	1	1	0	14	1	1	NaN	7743	255	96231	0.277483333333333	NaN	6589891	10.8670001755112	3.95468735694885	27.25	20000	NaN	NaN	NaN	750	0	11
15	1	1	0	15	1	1	NaN	8052	255	96231	0.29395	NaN	6909218	10.8670001755112	3.95468735694885	27.25	20000	NaN	NaN	NaN	750	0	11
16	1	1	0	16	1	1	NaN	8802	254	96231	0.310416666666667	NaN	6741693	10.8670001755112	3.95468735694885	27.25	20000	NaN	NaN	NaN	750	0	11
17	1	1	0	17	1	1	NaN	7867	254	96231	0.326883333333333	NaN	6589284	10.8670001755112	3.95468735694885	27.25	20000	NaN	NaN	NaN	750	0	11
18	1	1	0	18	1	1	NaN	6714	253	96231	0.34335	NaN	6312949	10.8670001755112	3.95468735694885	27.25	20000	NaN	NaN	NaN	750	0	11
19	1	1	0	19	1	1	NaN	6919	255	96231	0.359833333333333	NaN	6251841	10.8670001755112	3.95468735694885	27.25	20000	NaN	NaN	NaN	750	0	11
20	1	1	0	20	1	1	NaN	8614	255	96231	0.3763	NaN	6788520	10.8670001755112	3.95468735694885	27.25	20000	NaN	NaN	NaN	750	0	11
21	1	1	0	21	1	1	NaN	9318	255	96231	0.392766666666667	NaN	7790700	10.8670001755112	3.95468735694885	27.25	20000	NaN	NaN	NaN	750	0	11
22	1	1	0	22	1	1	NaN	8309	253	96231	0.409233333333333	NaN	6809322	10.8670001755112	3.95468735694885	27.25	20000	NaN	NaN	NaN	750	0	11
23	1	1	0	23	1	1	NaN	9452	255	96231	0.4257	NaN	6549790	10.8670001755112	3.95468735694885	27.25	20000	NaN	NaN	NaN	750	0	11
24	1	1	0	24	1	1	NaN	7094	254	96231	0.442183333333333	NaN	6000951	10.8670001755112	3.95468735694885	27.25	20000	NaN	NaN	NaN	750	0	11
25	1	1	0	25	1	1	NaN	8185	254	96231	0.45865	NaN	7484214	10.865718843506	3.95468735694885	27.25	20000	NaN	NaN	NaN	750	0	11
26	1	1	0	26	1	1	NaN	7118	254	96231	0.475116666666667	NaN	6521429	10.8664868614091	3.95468735694885	27.25	20000	NaN	NaN	NaN	750	0	11
27	1	1	0	27	1	1	NaN	8645	254	96231	0.491583333333333	NaN	6820085	10.8664868614091	3.95468735694885	27.25	20000	NaN	NaN	NaN	750	0	11
28	1	1	0	28	1	1	NaN	9067	253	96231	0.50805	NaN	6901933	10.8664868614091	3.95468735694885	27.25	20000	NaN	NaN	NaN	750	0	11
29	1	1	0	29	1	1	NaN	9050	255	96231	0.524866666666667	NaN	7326317	10.8664868614091	3.95468735694885	27.25	20000	NaN	NaN	NaN	750	0	11
30	1	1	0	30	1	1	NaN	7947	254	96231	0.541333333333333	NaN	6449244	12.1632104767205	3.95468735694885	27.25	20000	NaN	NaN	NaN	750	0	11
31	2	2	0	31	1	1	NaN	8557	231	96231	0.560366666666667	NaN	7009101	12.1632104767205	3.95468735694885	27.25	20000	NaN	NaN	NaN	750	0	11
32	2	2	0	32	1	1	NaN	7579	231	96231	0.576833333333333	NaN	6310037	12.1632104767205	3.95468735694885	27.25	20000	NaN	NaN	NaN	750	0	11
33	2	2	0	33	1	1	NaN	8662	231	96231	0.5933	NaN	6548231	12.1632104767205	3.95468735694885	27.25	20000	NaN	NaN	NaN	750	0	11
34	2	2	0	34	1	1	NaN	8023	231	96231	0.609766666666667	NaN	6065259	12.1632104767205	3.95468735694885	27.25	20000	NaN	NaN	NaN	750	0	11
35	2	2	0	35	1	1	NaN	9920	232	96231	0.626233333333333	NaN	6732293	12.1632104767205	3.95468735694885	27.25	20000	NaN	NaN	NaN	750	0	11
36	2	2	0	36	1	1	NaN	8154	232	96231	0.642716666666667	NaN	6511278	12.1465687866523	3.95468735694885	27.25	20000	NaN	NaN	NaN	750	0	11
37	2	2	0	37	1	1	NaN	9249	232	96231	0.659183333333333	NaN	6765136	12.1463127155763	3.95468735694885	27.25	20000	NaN	NaN	NaN	750	0	11
38	2	2	0	38	1	1	NaN	9069	251	105251	0.67565	NaN	7851087	12.1463127155763	3.95468735694885	27.25	20000	NaN	NaN	NaN	750	0	11
39	2	2	0	39	1	1	NaN	8699	231	96231	0.692116666666667	NaN	6047714	12.1463127155763	3.95468735694885	27.25	20000	NaN	NaN	NaN	750	0	11
40	2	2	0	40	1	1	NaN	9430	232	96231	0.708583333333333	NaN	7455662	12.1463127155763	3.95468735694885	27.25	20000	NaN	NaN	NaN	750	0	11
41	2	2	0	41	1	1	NaN	10174	232	96231	0.725066666666667	NaN	8105198	12.1463127155763	3.95468735694885	27.25	20000	NaN	NaN	NaN	750	0	11
42	2	2	0	42	1	1	NaN	7693	232	96231	0.741533333333333	NaN	7027672	12.1463127155763	3.95468735694885	27.25	20000	NaN	NaN	NaN	750	0	11
43	2	2	0	43	1	1	NaN	8757	232	96232	0.758	NaN	7057870	12.1463127155763	3.95468735694885	27.25	20000	NaN	NaN	NaN	750	0	11
44	2	2	0	44	1	1	NaN	8974	232	96231	0.7748	NaN	7169787	12.1463127155763	3.95468735694885	27.25	20000	NaN	NaN	NaN	750	0	11
45	2	2	0	45	1	1	NaN	9407	232	96231	0.791266666666667	NaN	6399448	12.1463127155763	3.95468735694885	27.25	20000	NaN	NaN	NaN	750	0	11
46	2	2	0	46	1	1	NaN	8945	232	96231	0.807733333333333	NaN	6655138	12.1463127155763	3.95468735694885	27.25	20000	NaN	NaN	NaN	750	0	11
47	2	2	0	47	1	1	NaN	9223	232	96231	0.824216666666667	NaN	7082013	12.1463127155763	3.95468735694885	27.25	20000	NaN	NaN	NaN	750	0	11
48	2	2	0	48	1	1	NaN	10010	232	96231	0.840683333333333	NaN	7823771	12.1463127155763	3.95468735694885	27.25	20000	NaN	NaN	NaN	750	0	11
49	2	2	0	49	1	1	NaN	9516	231	96231	0.85715	NaN	7737476	12.1463127155763	3.95468735694885	27.25	20000	NaN	NaN	NaN	750	0	11
50	2	2	0	50	1	1	NaN	8490	232	96231	0.873616666666667	NaN	6889808	12.1463127155763	3.95468735694885	27.25	20000	NaN	NaN	NaN	750	0	11
51	2	2	0	51	1	1	NaN	6923	231	96232	0.890083333333333	NaN	6041558	12.1463127155763	3.95468735694885	27.25	20000	NaN	NaN	NaN	750	0	11
52	2	2	0	52	1	1	NaN	8160	232	96231	0.906566666666667	NaN	6425750	12.1463127155763	3.95468735694885	27.25	20000	NaN	NaN	NaN	750	0	11
53	2	2	0	53	1	1	NaN	7943	232	96231	0.923033333333333	NaN	7094589	12.1463127155763	3.95468735694885	27.25	20000	NaN	NaN	NaN	750	0	11
54	2	2	0	54	1	1	NaN	8255	232	96231	0.9395	NaN	6773302	12.1463127155763	3.95468735694885	27.25	20000	NaN	NaN	NaN	750	0	11
55	2	2	0	55	1	1	NaN	9400	232	96231	0.955966666666667	NaN	7369303	12.1463127155763	3.95468735694885	27.25	20000	NaN	NaN	NaN	750	0	11
56	2	2	0	56	1	1	NaN	7418	233	96231	0.972433333333333	NaN	6929128	12.1463127155763	3.95468735694885	27.25	20000	NaN	NaN	NaN	750	0	11
57	2	2	0	57	1	1	NaN	8874	232	96231	0.988916666666667	NaN	6781159	12.1463127155763	3.95468735694885	27.25	20000	NaN	NaN	NaN	750	0	11
58	2	2	0	58	1	1	NaN	9172	232	96231	1.00538333333333	NaN	7042191	12.1463127155763	3.95468735694885	27.25	20000	NaN	NaN	NaN	750	0	11
59	2	2	0	59	1	1	NaN	8742	231	96231	1.02218333333333	NaN	7275238	12.1463127155763	3.95468735694885	27.25	20000	NaN	NaN	NaN	750	0	11
60	2	2	0	60	1	1	NaN	8595	232	96231	1.03865	NaN	7222750	13.4430363308877	3.95468735694885	27.25	20000	NaN	NaN	NaN	750	0	11
61	2	2	0	61	1	1	NaN	8709	231	96231	1.05511666666667	NaN	7339407	13.4430363308877	3.95468735694885	27.25	20000	NaN	NaN	NaN	750	0	11
62	3	3	0	62	1	1	NaN	8305	215	96231	1.0739833984375	NaN	6830357	13.4430363308877	3.95468735694885	27.25	20000	NaN	NaN	NaN	750	0	11
63	3	3	0	63	1	1	NaN	8941	214	96231	1.09045	NaN	7386649	13.4430363308877	3.95468735694885	27.25	20000	NaN	NaN	NaN	750	0	11
64	3	3	0	64	1	1	NaN	10815	214	96231	1.10693333333333	NaN	7492927	13.4430363308877	3.95468735694885	27.25	20000	NaN	NaN	NaN	750	0	11
65	3	3	0	65	1	1	NaN	10891	214	96231	1.1234	NaN	7812568	13.4430363308877	3.95468735694885	27.25	20000	NaN	NaN	NaN	750	0	11
66	3	3	0	66	1	1	NaN	9231	214	96231	1.13986666666667	NaN	6897165	13.4251148714143	3.95468735694885	27.25	20000	NaN	NaN	NaN	750	0	11
67	3	3	0	67	1	1	NaN	10056	215	96231	1.15633333333333	NaN	7385979	13.4263950314695	3.95468735694885	27.25	20000	NaN	NaN	NaN	750	0	11
68	3	3	0	68	1	1	NaN	9617	214	96231	1.1728	NaN	7231657	13.4263950314695	3.95468735694885	27.25	20000	NaN	NaN	NaN	750	0	11
69	3	3	0	69	1	1	NaN	7910	213	96231	1.18928333333333	NaN	6866633	13.4263950314695	3.95468735694885	27.25	20000	NaN	NaN	NaN	750	0	11
70	3	3	0	70	1	1	NaN	8333	214	96231	1.20575	NaN	6445259	13.4263950314695	3.95468735694885	27.25	20000	NaN	NaN	NaN	750	0	11
71	3	3	0	71	1	1	NaN	9706	214	96231	1.22221666666667	NaN	7264616	13.4263950314695	3.95468735694885	27.25	20000	NaN	NaN	NaN	750	0	11
72	3	3	0	72	1	1	NaN	10099	213	96231	1.23868333333333	NaN	7334559	13.4263950314695	3.95468735694885	27.25	20000	NaN	NaN	NaN	750	0	11
73	3	3	0	73	1	1	NaN	8583	214	96231	1.25515	NaN	6700945	13.4263950314695	3.95468735694885	27.25	20000	NaN	NaN	NaN	750	0	11
74	3	3	0	74	1	1	NaN	10188	214	96231	1.27196666666667	NaN	7190153	13.4263950314695	3.95531249046326	27.25	20000	NaN	NaN	NaN	750	0	11
75	3	3	0	75	1	1	NaN	8935	213	96231	1.28843333333333	NaN	6686130	13.4263950314695	3.95531249046326	27.25	20000	NaN	NaN	NaN	750	0	11
76	3	3	0	76	1	1	NaN	9436	214	96231	1.3049	NaN	7208629	13.4263950314695	3.95531249046326	27.25	20000	NaN	NaN	NaN	750	0	11
77	3	3	0	77	1	1	NaN	9848	214	96231	1.32136666666667	NaN	7237686	13.4263950314695	3.95531249046326	27.25	20000	NaN	NaN	NaN	750	0	11
78	3	3	0	78	1	1	NaN	9551	213	96231	1.33783333333333	NaN	7014735	13.4263950314695	3.95531249046326	27.25	20000	NaN	NaN	NaN	750	0	11
79	3	3	0	79	1	1	NaN	7361	214	96231	1.35431666666667	NaN	5932002	13.4263950314695	3.95531249046326	27.25	20000	NaN	NaN	NaN	750	0	11
80	3	3	0	80	1	1	NaN	9014	214	96231	1.37078333333333	NaN	6833399	13.4263950314695	3.95531249046326	27.25	20000	NaN	NaN	NaN	750	0	11
81	3	3	0	81	1	1	NaN	9024	213	96231	1.38725	NaN	6790937	13.4263950314695	3.95531249046326	27.25	20000	NaN	NaN	NaN	750	0	11
82	3	3	0	82	1	1	NaN	7311	215	96231	1.40371666666667	NaN	6538355	13.4263950314695	3.95531249046326	27.25	20000	NaN	NaN	NaN	750	0	11
83	3	3	0	83	1	1	NaN	8902	214	96231	1.42018333333333	NaN	6849329	13.4263950314695	3.95531249046326	27.25	20000	NaN	NaN	NaN	750	0	11
84	3	3	0	84	1	1	NaN	10252	214	96231	1.43666666666667	NaN	6732013	13.4263950314695	3.95531249046326	27.25	20000	NaN	NaN	NaN	750	0	11
85	3	3	0	85	1	1	NaN	9354	214	96231	1.45313333333333	NaN	7072132	13.4263950314695	3.95531249046326	27.25	20000	NaN	NaN	NaN	750	0	11
86	3	3	0	86	1	1	NaN	10748	214	96231	1.4696	NaN	7273728	13.4263950314695	3.95531249046326	27.25	20000	NaN	NaN	NaN	750	0	11
87	3	3	0	87	1	1	NaN	9421	214	96231	1.48606666666667	NaN	7130585	13.4263950314695	3.95531249046326	27.25	20000	NaN	NaN	NaN	750	0	11
88	3	3	0	88	1	1	NaN	9124	214	96231	1.50253333333333	NaN	6812760	13.4263950314695	3.95531249046326	27.25	20000	NaN	NaN	NaN	750	0	11
89	3	3	0	89	1	1	NaN	8684	214	96231	1.51933333333333	NaN	6704399	13.4263950314695	3.95437502861023	27.25	20000	NaN	NaN	NaN	750	0	11
90	3	3	0	90	1	1	NaN	10059	214	96231	1.53581666666667	NaN	7335382	14.7243984161861	3.95437502861023	27.25	20000	NaN	NaN	NaN	750	0	11
91	3	3	0	91	1	1	NaN	8970	213	96231	1.55228333333333	NaN	6569126	14.7243984161861	3.95437502861023	27.25	20000	NaN	NaN	NaN	750	0	11
92	4	4	0	92	1	1	NaN	10739	199	96231	1.57115	NaN	6434218	14.7243984161861	3.95437502861023	27.25	20000	NaN	NaN	NaN	750	0	11
93	4	4	0	93	1	1	NaN	9218	199	96231	1.58761666666667	NaN	6517213	14.7243984161861	3.95437502861023	27.25	20000	NaN	NaN	NaN	750	0	11
94	4	4	0	94	1	1	NaN	10902	199	96231	1.60408333333333	NaN	7372131	14.7243984161861	3.95437502861023	27.25	20000	NaN	NaN	NaN	750	0	11
95	4	4	0	95	1	1	NaN	11620	199	96231	1.62055	NaN	7383518	14.7243984161861	3.95437502861023	27.25	20000	NaN	NaN	NaN	750	0	11
96	4	4	0	96	1	1	NaN	11840	198	96231	1.63703333333333	NaN	7540081	14.7243984161861	3.95437502861023	27.25	20000	NaN	NaN	NaN	750	0	11
97	4	4	0	97	1	1	NaN	9233	199	96231	1.6535	NaN	6216516	14.707756726118	3.95437502861023	27.25	20000	NaN	NaN	NaN	750	0	11
98	4	4	0	98	1	1	NaN	10932	199	96231	1.66996666666667	NaN	7104417	14.7072445839659	3.95437502861023	27.25	20000	NaN	NaN	NaN	750	0	11
99	4	4	0	99	1	1	NaN	9111	199	96231	1.68643333333333	NaN	6712665	14.7072445839659	3.95437502861023	27.25	20000	NaN	NaN	NaN	750	0	11
100	4	4	0	100	1	1	NaN	10423	198	96231	1.7029	NaN	6877800	14.7072445839659	3.95437502861023	27.25	20000	NaN	NaN	NaN	750	0	11
101	4	4	0	101	1	1	NaN	9847	198	96231	1.71938333333333	NaN	6799266	14.7072445839659	3.95437502861023	27.25	20000	NaN	NaN	NaN	750	0	11
102	4	4	0	102	1	1	NaN	9182	198	96231	1.73585	NaN	6790599	14.7072445839659	3.95437502861023	27.25	20000	NaN	NaN	NaN	750	0	11
103	4	4	0	103	1	1	NaN	7346	199	96231	1.75231666666667	NaN	6281993	14.7072445839659	3.95437502861023	27.25	20000	NaN	NaN	NaN	750	0	11
104	4	4	0	104	1	1	NaN	9304	198	96231	1.76911666666667	NaN	5674727	14.7072445839659	3.95437502861023	27.25	20000	NaN	NaN	NaN	750	0	11
105	4	4	0	105	1	1	NaN	9644	198	96231	1.78558333333333	NaN	7302042	14.7072445839659	3.95437502861023	27.25	20000	NaN	NaN	NaN	750	0	11
106	4	4	0	106	1	1	NaN	8371	198	96231	1.80205	NaN	6152607	14.7072445839659	3.95437502861023	27.25	20000	NaN	NaN	NaN	750	0	11
107	4	4	0	107	1	1	NaN	8678	198	96231	1.81853333333333	NaN	6218537	14.7072445839659	3.95437502861023	27.25	20000	NaN	NaN	NaN	750	0	11
108	4	4	0	108	1	1	NaN	10867	199	96231	1.835	NaN	7876553	14.7072445839659	3.95437502861023	27.25	20000	NaN	NaN	NaN	750	0	11
109	4	4	0	109	1	1	NaN	9487	198	96231	1.85146666666667	NaN	7207159	14.7072445839659	3.95437502861023	27.25	20000	NaN	NaN	NaN	750	0	11
110	4	4	0	110	1	1	NaN	9303	199	96231	1.86793333333333	NaN	6237075	14.7072445839659	3.95437502861023	27.25	20000	NaN	NaN	NaN	750	0	11
111	4	4	0	111	1	1	NaN	8685	199	96231	1.8844	NaN	6532339	14.7072445839659	3.95437502861023	27.25	20000	NaN	NaN	NaN	750	0	11
112	4	4	0	112	1	1	NaN	9126	199	96231	1.90088333333333	NaN	6104852	14.7072445839659	3.95437502861023	27.25	20000	NaN	NaN	NaN	750	0	11
113	4	4	0	113	1	1	NaN	8945	198	96231	1.91735	NaN	6160354	14.7072445839659	3.95437502861023	27.25	20000	NaN	NaN	NaN	750	0	11
114	4	4	0	114	1	1	NaN	9494	200	96231	1.93381666666667	NaN	6777152	14.7072445839659	3.95437502861023	27.25	20000	NaN	NaN	NaN	750	0	11
115	4	4	0	115	1	1	NaN	9524	198	96231	1.95028333333333	NaN	6556764	14.7072445839659	3.95437502861023	27.25	20000	NaN	NaN	NaN	750	0	11
116	4	4	0	116	1	1	NaN	8559	199	96231	1.96675	NaN	6582207	14.7072445839659	3.95437502861023	27.25	20000	NaN	NaN	NaN	750	0	11
117	4	4	0	117	1	1	NaN	10585	199	96231	1.98323333333333	NaN	6938379	14.7072445839659	3.95437502861023	27.25	20000	NaN	NaN	NaN	750	0	11
118	4	4	0	118	1	1	NaN	10352	199	96231	1.9997	NaN	6693275	14.7072445839659	3.95437502861023	27.25	20000	NaN	NaN	NaN	750	0	11
119	4	4	0	119	1	1	NaN	9609	198	96231	2.0165	NaN	7141938	14.7072445839659	3.95499992370605	27.25	20000	NaN	NaN	NaN	750	0	11
120	4	4	0	120	1	1	NaN	11182	199	96231	2.03296666666667	NaN	7024805	16.0039681992773	3.95499992370605	27.25	20000	NaN	NaN	NaN	750	0	11
121	4	4	0	121	1	1	NaN	7081	199	96231	2.04943333333333	NaN	6019021	16.0039681992773	3.95499992370605	27.25	20000	NaN	NaN	NaN	750	0	11
122	5	5	0	122	1	1	NaN	8522	186	96231	2.0683	NaN	6119283	16.0039681992773	3.95499992370605	27.25	20000	NaN	NaN	NaN	750	0	11
123	5	5	0	123	1	1	NaN	9975	186	96231	2.08476666666667	NaN	6651603	16.0039681992773	3.95499992370605	27.25	20000	NaN	NaN	NaN	750	0	11
124	5	5	0	124	1	1	NaN	10826	186	96232	2.10125	NaN	7190000	16.0039681992773	3.95499992370605	27.25	20000	NaN	NaN	NaN	750	0	11
125	5	5	0	125	1	1	NaN	10106	187	96231	2.11771666666667	NaN	7344316	16.0039681992773	3.95499992370605	27.25	20000	NaN	NaN	NaN	750	0	11
126	5	5	0	126	1	1	NaN	8213	187	96231	2.134183203125	NaN	6375651	16.0039681992773	3.95499992370605	27.25	20000	NaN	NaN	NaN	750	0	11
127	5	5	0	127	1	1	NaN	7393	187	96231	2.15065	NaN	5759079	15.9860467398038	3.95499992370605	27.25	20000	NaN	NaN	NaN	750	0	11
128	5	5	0	128	1	1	NaN	9819	186	96231	2.16711653645833	NaN	7196422	15.9852787219007	3.95499992370605	27.25	20000	NaN	NaN	NaN	750	0	11
129	5	5	0	129	1	1	NaN	10557	186	96231	2.18360013020833	NaN	7117944	15.9852787219007	3.95499992370605	27.25	20000	NaN	NaN	NaN	750	0	11
130	5	5	0	130	1	1	NaN	11347	186	96231	2.20006666666667	NaN	6525152	15.9852787219007	3.95499992370605	27.25	20000	NaN	NaN	NaN	750	0	11
131	5	5	0	131	1	1	NaN	11110	186	96231	2.21653333333333	NaN	7278031	15.9852787219007	3.95499992370605	27.25	20000	NaN	NaN	NaN	750	0	11
132	5	5	0	132	1	1	NaN	9547	186	96232	2.233	NaN	6600523	15.9852787219007	3.95499992370605	27.25	20000	NaN	NaN	NaN	750	0	11
133	5	5	0	133	1	1	NaN	10149	186	96231	2.24946666666667	NaN	6442871	15.9852787219007	3.95499992370605	27.25	20000	NaN	NaN	NaN	750	0	11
134	5	5	0	134	1	1	NaN	10545	185	96231	2.26628333333333	NaN	7188795	15.9852787219007	3.95468735694885	27.25	20000	NaN	NaN	NaN	750	0	11
135	5	5	0	135	1	1	NaN	11225	186	96231	2.28275	NaN	7364993	15.9852787219007	3.95468735694885	27.25	20000	NaN	NaN	NaN	750	0	11
136	5	5	0	136	1	1	NaN	11529	186	96231	2.29921666666667	NaN	7415437	15.9852787219007	3.95468735694885	27.25	20000	NaN	NaN	NaN	750	0	11
137	5	5	0	137	1	1	NaN	10911	186	96231	2.31568333333333	NaN	7185638	15.9852787219007	3.95468735694885	27.25	20000	NaN	NaN	NaN	750	0	11
138	5	5	0	138	1	1	NaN	11580	186	96231	2.33215	NaN	7181348	15.9852787219007	3.95468735694885	27.25	20000	NaN	NaN	NaN	750	0	11
139	5	5	0	139	1	1	NaN	10580	185	96231	2.34863333333333	NaN	6887818	15.9852787219007	3.95468735694885	27.25	20000	NaN	NaN	NaN	750	0	11
140	5	5	0	140	1	1	NaN	9677	186	96231	2.3651	NaN	6872886	15.9852787219007	3.95468735694885	27.25	20000	NaN	NaN	NaN	750	0	11
141	5	5	0	141	1	1	NaN	11952	186	96231	2.38156666666667	NaN	7806359	15.9852787219007	3.95468735694885	27.25	20000	NaN	NaN	NaN	750	0	11
142	5	5	0	142	1	1	NaN	9191	186	96232	2.39803333333333	NaN	6217374	15.9852787219007	3.95468735694885	27.25	20000	NaN	NaN	NaN	750	0	11
143	5	5	0	143	1	1	NaN	9370	186	96231	2.4145	NaN	6527134	15.9852787219007	3.95468735694885	27.25	20000	NaN	NaN	NaN	750	0	11
144	5	5	0	144	1	1	NaN	9929	187	96231	2.43098333333333	NaN	7095425	15.9852787219007	3.95468735694885	27.25	20000	NaN	NaN	NaN	750	0	11
145	5	5	0	145	1	1	NaN	11339	186	96231	2.44745	NaN	7075970	15.9852787219007	3.95468735694885	27.25	20000	NaN	NaN	NaN	750	0	11
146	5	5	0	146	1	1	NaN	9627	185	96231	2.46391666666667	NaN	6519294	15.9852787219007	3.95468735694885	27.25	20000	NaN	NaN	NaN	750	0	11
147	5	5	0	147	1	1	NaN	9107	186	96231	2.48038333333333	NaN	6438333	15.9852787219007	3.95468735694885	27.25	20000	NaN	NaN	NaN	750	0	11
148	5	5	0	148	1	1	NaN	8913	186	96231	2.49685	NaN	5833376	15.9852787219007	3.95468735694885	27.25	20000	NaN	NaN	NaN	750	0	11
149	5	5	0	149	1	1	NaN	9357	187	96231	2.51365	NaN	5960884	15.9852787219007	3.95218729972839	27.25	20000	NaN	NaN	NaN	750	0	11
150	5	5	0	150	1	1	NaN	11107	186	96231	2.53013333333333	NaN	6640858	15.9852787219007	3.95218729972839	27.25	20000	NaN	NaN	NaN	750	0	11
151	5	5	0	151	1	1	NaN	9332	185	96231	2.5466	NaN	6723825	17.2832821066173	3.95218729972839	27.25	20000	NaN	NaN	NaN	750	0	11
152	6	6	0	152	1	1	NaN	12917	175	96231	2.56546666666667	NaN	7085811	17.2832821066173	3.95218729972839	27.25	20000	NaN	NaN	NaN	750	0	11
153	6	6	0	153	1	1	NaN	11335	175	96231	2.58193333333333	NaN	6734319	17.2832821066173	3.95218729972839	27.25	20000	NaN	NaN	NaN	750	0	11
154	6	6	0	154	1	1	NaN	11486	175	96231	2.5984	NaN	7182287	17.2832821066173	3.95218729972839	27.25	20000	NaN	NaN	NaN	750	0	11
155	6	6	0	155	1	1	NaN	11675	175	96231	2.61486666666667	NaN	6820618	17.2832821066173	3.95218729972839	27.25	20000	NaN	NaN	NaN	750	0	11
156	6	6	0	156	1	1	NaN	10184	175	96231	2.63135	NaN	6301055	17.2832821066173	3.95218729972839	27.25	20000	NaN	NaN	NaN	750	0	11
157	6	6	0	157	1	1	NaN	8156	176	96231	2.64781666666667	NaN	5705896	17.2602400069229	3.95218729972839	27.25	20000	NaN	NaN	NaN	750	0	11
158	6	6	0	158	1	1	NaN	9448	175	96231	2.66428333333333	NaN	6631041	17.2602400069229	3.95218729972839	27.25	20000	NaN	NaN	NaN	750	0	11
159	6	6	0	159	1	1	NaN	8588	175	96231	2.68075	NaN	5920831	17.2602400069229	3.95218729972839	27.25	20000	NaN	NaN	NaN	750	0	11
160	6	6	0	160	1	1	NaN	14762	175	96231	2.69721666666667	NaN	7869235	17.2602400069229	3.95218729972839	27.25	20000	NaN	NaN	NaN	750	0	11
161	6	6	0	161	1	1	NaN	11033	175	96231	2.7137	NaN	6719158	17.2602400069229	3.95218729972839	27.25	20000	NaN	NaN	NaN	750	0	11
162	6	6	0	162	1	1	NaN	9685	175	96231	2.73016666666667	NaN	6227549	17.2602400069229	3.95218729972839	27.25	20000	NaN	NaN	NaN	750	0	11
163	6	6	0	163	1	1	NaN	11879	175	96231	2.74663333333333	NaN	7474786	17.2602400069229	3.95218729972839	27.25	20000	NaN	NaN	NaN	750	0	11
164	6	6	0	164	1	1	NaN	10965	176	96231	2.76343333333333	NaN	6634654	17.2602400069229	3.95468735694885	27.25	20000	NaN	NaN	NaN	750	0	11
165	6	6	0	165	1	1	NaN	13043	175	96231	2.7799	NaN	7895586	17.2602400069229	3.95468735694885	27.25	20000	NaN	NaN	NaN	750	0	11
166	6	6	0	166	1	1	NaN	11977	175	96231	2.79636666666667	NaN	7237937	17.2602400069229	3.95468735694885	27.25	20000	NaN	NaN	NaN	750	0	11
167	6	6	0	167	1	1	NaN	10360	175	96231	2.81285	NaN	6849742	17.2602400069229	3.95468735694885	27.25	20000	NaN	NaN	NaN	750	0	11
168	6	6	0	168	1	1	NaN	10332	175	96231	2.82931666666667	NaN	6857335	17.2602400069229	3.95468735694885	27.25	20000	NaN	NaN	NaN	750	0	11
169	6	6	0	169	1	1	NaN	11242	175	96231	2.84578333333333	NaN	7418344	17.2602400069229	3.95468735694885	27.25	20000	NaN	NaN	NaN	750	0	11
170	6	6	0	170	1	1	NaN	10314	176	96231	2.86225	NaN	6138229	17.2602400069229	3.95468735694885	27.25	20000	NaN	NaN	NaN	750	0	11
171	6	6	0	171	1	1	NaN	12246	175	96231	2.87871666666667	NaN	7052349	17.2602400069229	3.95468735694885	27.25	20000	NaN	NaN	NaN	750	0	11
172	6	6	0	172	1	1	NaN	11206	175	96231	2.8952	NaN	6564418	17.2602400069229	3.95468735694885	27.25	20000	NaN	NaN	NaN	750	0	11
173	6	6	0	173	1	1	NaN	12504	175	96231	2.91166666666667	NaN	6934530	17.2602400069229	3.95468735694885	27.25	20000	NaN	NaN	NaN	750	0	11
174	6	6	0	174	1	1	NaN	10804	175	96231	2.92813333333333	NaN	7113524	17.2602400069229	3.95468735694885	27.25	20000	NaN	NaN	NaN	750	0	11
175	6	6	0	175	1	1	NaN	9047	175	96231	2.9446	NaN	6244952	17.2602400069229	3.95468735694885	27.25	20000	NaN	NaN	NaN	750	0	11
176	6	6	0	176	1	1	NaN	11241	175	96231	2.96106666666667	NaN	7242068	17.2602400069229	3.95468735694885	27.25	20000	NaN	NaN	NaN	750	0	11
177	6	6	0	177	1	1	NaN	11520	176	96231	2.97755	NaN	7537283	17.2602400069229	3.95468735694885	27.25	20000	NaN	NaN	NaN	750	0	11
178	6	6	0	178	1	1	NaN	12086	175	96231	2.99401666666667	NaN	6503685	17.2602400069229	3.95468735694885	27.25	20000	NaN	NaN	NaN	750	0	11
179	6	6	0	179	1	1	NaN	12088	176	96231	3.01081666666667	NaN	6643907	17.2602400069229	3.95468735694885	27.25	20000	NaN	NaN	NaN	750	0	11
180	6	6	0	180	1	1	NaN	11606	175	96231	3.02728333333333	NaN	6924912	17.2602400069229	3.95468735694885	27.25	20000	NaN	NaN	NaN	750	0	11
181	6	6	0	181	1	1	NaN	9119	175	96231	3.04375	NaN	6002089	18.5633640318605	3.95468735694885	27.25	20000	NaN	NaN	NaN	750	0	11
182	7	7	0	182	1	1	NaN	10110	166	96231	3.06261666666667	NaN	5764509	18.5633640318605	3.95468735694885	27.25	20000	NaN	NaN	NaN	750	0	11
183	7	7	0	183	1	1	NaN	11785	166	96231	3.07908333333333	NaN	6879991	18.5633640318605	3.95468735694885	27.25	20000	NaN	NaN	NaN	750	0	11
184	7	7	0	184	1	1	NaN	12018	166	96231	3.09556666666667	NaN	7240275	18.5633640318605	3.95468735694885	27.25	20000	NaN	NaN	NaN	750	0	11
185	7	7	0	185	1	1	NaN	11041	166	96231	3.11203333333333	NaN	6894168	18.5633640318605	3.95468735694885	27.25	20000	NaN	NaN	NaN	750	0	11
186	7	7	0	186	1	1	NaN	8768	166	96231	3.1285	NaN	5814315	18.5633640318605	3.95468735694885	27.25	20000	NaN	NaN	NaN	750	0	11
187	7	7	0	187	1	1	NaN	9607	166	96231	3.14496666666667	NaN	6327425	18.5416032641714	3.95468735694885	27.25	20000	NaN	NaN	NaN	750	0	11
188	7	7	0	188	1	1	NaN	11915	166	96231	3.16143333333333	NaN	7239704	18.541987273123	3.95468735694885	27.25	20000	NaN	NaN	NaN	750	0	11
189	7	7	0	189	1	1	NaN	9745	165	96231	3.17791666666667	NaN	6580366	18.541987273123	3.95468735694885	27.25	20000	NaN	NaN	NaN	750	0	11
190	7	7	0	190	1	1	NaN	11174	166	96231	3.19438333333333	NaN	6793801	18.541987273123	3.95468735694885	27.25	20000	NaN	NaN	NaN	750	0	11
191	7	7	0	191	1	1	NaN	8940	165	96231	3.21085	NaN	5912527	18.541987273123	3.95468735694885	27.25	20000	NaN	NaN	NaN	750	0	11
192	7	7	0	192	1	1	NaN	11394	166	96231	3.22731666666667	NaN	6193630	18.541987273123	3.95468735694885	27.25	20000	NaN	NaN	NaN	750	0	11
193	7	7	0	193	1	1	NaN	10800	166	96231	3.24378333333333	NaN	7112032	18.541987273123	3.95468735694885	27.25	20000	NaN	NaN	NaN	750	0	11
194	7	7	0	194	1	1	NaN	12722	166	96231	3.2606	NaN	7121708	18.541987273123	3.95468735694885	27.25	20000	NaN	NaN	NaN	750	0	11
195	7	7	0	195	1	1	NaN	11337	166	96231	3.27706666666667	NaN	6932668	18.541987273123	3.95468735694885	27.25	20000	NaN	NaN	NaN	750	0	11
196	7	7	0	196	1	1	NaN	10500	166	96231	3.29353333333333	NaN	6874966	18.541987273123	3.95468735694885	27.25	20000	NaN	NaN	NaN	750	0	11
197	7	7	0	197	1	1	NaN	11254	165	96231	3.31	NaN	6952236	18.541987273123	3.95468735694885	27.25	20000	NaN	NaN	NaN	750	0	11
198	7	7	0	198	1	1	NaN	12376	166	96231	3.32646666666667	NaN	7409798	18.541987273123	3.95468735694885	27.25	20000	NaN	NaN	NaN	750	0	11
199	7	7	0	199	1	1	NaN	11040	166	96231	3.34295	NaN	6923776	18.541987273123	3.95468735694885	27.25	20000	NaN	NaN	NaN	750	0	11
200	7	7	0	200	1	1	NaN	10976	166	96231	3.35941666666667	NaN	6886304	18.541987273123	3.95468735694885	27.25	20000	NaN	NaN	NaN	750	0	11
201	7	7	0	201	1	1	NaN	9742	166	96231	3.37588333333333	NaN	5846528	18.541987273123	3.95468735694885	27.25	20000	NaN	NaN	NaN	750	0	11
202	7	7	0	202	1	1	NaN	10766	166	96231	3.39235	NaN	6929353	18.541987273123	3.95468735694885	27.25	20000	NaN	NaN	NaN	750	0	11
203	7	7	0	203	1	1	NaN	9691	166	96231	3.40881666666667	NaN	5783906	18.541987273123	3.95468735694885	27.25	20000	NaN	NaN	NaN	750	0	11
204	7	7	0	204	1	1	NaN	9826	166	96231	3.4253	NaN	6327127	18.541987273123	3.95468735694885	27.25	20000	NaN	NaN	NaN	750	0	11
205	7	7	0	205	1	1	NaN	10542	166	96231	3.44176666666667	NaN	6092394	18.541987273123	3.95468735694885	27.25	20000	NaN	NaN	NaN	750	0	11
206	7	7	0	206	1	1	NaN	9343	166	96231	3.45823333333333	NaN	5538464	18.541987273123	3.95468735694885	27.25	20000	NaN	NaN	NaN	750	0	11
207	7	7	0	207	1	1	NaN	12193	166	96231	3.4747	NaN	6960325	18.541987273123	3.95468735694885	27.25	20000	NaN	NaN	NaN	750	0	11
208	7	7	0	208	1	1	NaN	7850	166	96231	3.49116666666667	NaN	4712805	18.541987273123	3.95468735694885	27.25	20000	NaN	NaN	NaN	750	0	11
