FrameId	FrameMethodId	TimeSegmentId	ActualsOffset	CycleNumber	FirstNonzeroDriftBin	FragClass	FragEnergy	FrameBaseAbund	FrameBaseDriftBin	FrameBaseMsBin	FrameScanTime	FrameSpecAbundLimit	FrameTic	ImsField	ImsPressure	ImsTemperature	ImsTrapTime	IsolationStartMz	IsolationMz	IsolationEndMz	LastNonzeroDriftBin	MassCalOffset	NumTransients
1	1	1	0	1	1	1	NaN	643	161	60576	0.0455833333333333	NaN	2587903	10.8731445140614	3.94968748092651	27.25	20000	NaN	NaN	NaN	750	0	11
2	1	1	0	2	1	1	NaN	648	195	78867	0.06205	NaN	2901420	10.8731445140614	3.94968748092651	27.25	20000	NaN	NaN	NaN	750	0	11
3	1	1	0	3	1	1	NaN	434	291	71655	0.0785166666666667	NaN	2937922	10.8731445140614	3.94968748092651	27.25	20000	NaN	NaN	NaN	750	0	11
4	1	1	0	4	1	1	NaN	589	278	108112	0.0949833333333333	NaN	3030529	10.8731445140614	3.94968748092651	27.25	20000	NaN	NaN	NaN	750	0	11
5	1	1	0	5	1	1	NaN	548	160	60576	0.111466666666667	NaN	3118859	10.8731445140614	3.94968748092651	27.25	20000	NaN	NaN	NaN	750	0	11
6	1	1	0	6	1	1	NaN	516	160	60576	0.127933333333333	NaN	3227166	10.8731445140614	3.94968748092651	27.25	20000	NaN	NaN	NaN	750	0	11
7	1	1	0	7	1	1	NaN	752	196	78867	0.1444	NaN	3079104	10.8731445140614	3.94968748092651	27.25	20000	NaN	NaN	NaN	750	0	11
8	1	1	0	8	1	1	NaN	484	156	47243	0.160866666666667	NaN	3251738	10.8731445140614	3.94968748092651	27.25	20000	NaN	NaN	NaN	750	0	11
9	1	1	0	9	1	1	NaN	811	277	108112	0.177666666666667	NaN	3163655	10.8731445140614	3.94999980926514	27.25	20000	NaN	NaN	NaN	750	0	11
10	1	1	0	10	1	1	NaN	583	248	63077	0.194133333333333	NaN	3237478	10.8731445140614	3.94999980926514	27.25	20000	NaN	NaN	NaN	750	0	11
11	1	1	0	11	1	1	NaN	684	277	108111	0.210616666666667	NaN	3220860	10.8731445140614	3.94999980926514	27.25	20000	NaN	NaN	NaN	750	0	11
12	1	1	0	12	1	1	NaN	698	195	78867	0.227083333333333	NaN	3212268	10.8731445140614	3.94999980926514	27.25	20000	NaN	NaN	NaN	750	0	11
13	1	1	0	13	1	1	NaN	842	276	108112	0.24355	NaN	3353241	10.8731445140614	3.94999980926514	27.25	20000	NaN	NaN	NaN	750	0	11
14	1	1	0	14	1	1	NaN	702	276	108111	0.260016666666667	NaN	3432939	10.8731445140614	3.94999980926514	27.25	20000	NaN	NaN	NaN	750	0	11
15	1	1	0	15	1	1	NaN	1032	277	108111	0.276483333333333	NaN	3295723	10.8731445140614	3.94999980926514	27.25	20000	NaN	NaN	NaN	750	0	11
16	1	1	0	16	1	1	NaN	1266	278	108111	0.292966666666667	NaN	3252282	10.8731445140614	3.94999980926514	27.25	20000	NaN	NaN	NaN	750	0	11
17	1	1	0	17	1	1	NaN	855	196	78867	0.309433333333333	NaN	3043130	10.8731445140614	3.94999980926514	27.25	20000	NaN	NaN	NaN	750	0	11
18	1	1	0	18	1	1	NaN	867	195	78867	0.3259	NaN	3133947	10.8731445140614	3.94999980926514	27.25	20000	NaN	NaN	NaN	750	0	11
19	1	1	0	19	1	1	NaN	750	277	108111	0.342366666666667	NaN	3241989	10.8731445140614	3.94999980926514	27.25	20000	NaN	NaN	NaN	750	0	11
20	1	1	0	20	1	1	NaN	846	277	108111	0.358833333333333	NaN	3222870	10.8731445140614	3.94999980926514	27.25	20000	NaN	NaN	NaN	750	0	11
21	1	1	0	21	1	1	NaN	689	196	78867	0.375316666666667	NaN	3258681	10.8731445140614	3.94999980926514	27.25	20000	NaN	NaN	NaN	750	0	11
22	1	1	0	22	1	1	NaN	671	277	108111	0.391783333333333	NaN	3392576	10.8731445140614	3.94999980926514	27.25	20000	NaN	NaN	NaN	750	0	11
23	1	1	0	23	1	1	NaN	1165	276	108112	0.40825	NaN	3495048	10.8731445140614	3.94999980926514	27.25	20000	NaN	NaN	NaN	750	0	11
24	1	1	0	24	1	1	NaN	787	279	108111	0.42505	NaN	3594179	10.8731445140614	3.94968748092651	27.25	20000	NaN	NaN	NaN	750	0	11
25	1	1	0	25	1	1	NaN	793	205	77564	0.441516666666667	NaN	3741333	10.8731445140614	3.94968748092651	27.25	20000	NaN	NaN	NaN	750	0	11
26	1	1	0	26	1	1	NaN	808	196	78867	0.457983333333333	NaN	3547463	10.8705834126509	3.94968748092651	27.25	20000	NaN	NaN	NaN	750	0	11
27	1	1	0	27	1	1	NaN	840	277	108112	0.474466666666667	NaN	3718466	10.8705834126509	3.94968748092651	27.25	20000	NaN	NaN	NaN	750	0	11
28	1	1	0	28	1	1	NaN	784	278	108111	0.490933333333333	NaN	3864923	10.8705834126509	3.94968748092651	27.25	20000	NaN	NaN	NaN	750	0	11
29	1	1	0	29	1	1	NaN	613	264	63077	0.5074	NaN	3689924	10.8705834126509	3.94968748092651	27.25	20000	NaN	NaN	NaN	750	0	11
30	1	1	0	30	1	1	NaN	875	276	108111	0.523866666666667	NaN	3774241	10.8705834126509	3.94968748092651	27.25	20000	NaN	NaN	NaN	750	0	11
31	1	1	0	31	1	1	NaN	902	196	78867	0.54033330078125	NaN	3619248	12.1621863877413	3.94968748092651	27.25	20000	NaN	NaN	NaN	750	0	11
32	2	2	0	32	1	1	NaN	1098	252	108111	0.559216666666667	NaN	3876255	12.1621863877413	3.94968748092651	27.25	20000	NaN	NaN	NaN	750	0	11
33	2	2	0	33	1	1	NaN	993	254	108111	0.575683333333333	NaN	4090188	12.1621863877413	3.94968748092651	27.25	20000	NaN	NaN	NaN	750	0	11
34	2	2	0	34	1	1	NaN	1338	252	108111	0.59215	NaN	4215690	12.1621863877413	3.94968748092651	27.25	20000	NaN	NaN	NaN	750	0	11
35	2	2	0	35	1	1	NaN	1416	254	108111	0.608616666666667	NaN	4116823	12.1621863877413	3.94968748092651	27.25	20000	NaN	NaN	NaN	750	0	11
36	2	2	0	36	1	1	NaN	1261	237	63076	0.625083333333333	NaN	4251877	12.1519451072994	3.94968748092651	27.25	20000	NaN	NaN	NaN	750	0	11
37	2	2	0	37	1	1	NaN	895	253	108112	0.641566666666667	NaN	4361384	12.1518171694238	3.94968748092651	27.25	20000	NaN	NaN	NaN	750	0	11
38	2	2	0	38	1	1	NaN	1120	225	63076	0.658033333333333	NaN	4641059	12.1518171694238	3.94968748092651	27.25	20000	NaN	NaN	NaN	750	0	11
39	2	2	0	39	1	1	NaN	1116	230	63077	0.675166666666667	NaN	4909415	12.1518171694238	3.94937491416931	27.25	20000	NaN	NaN	NaN	750	0	11
40	2	2	0	40	1	1	NaN	1472	255	108111	0.691633333333333	NaN	4985302	12.1518171694238	3.94937491416931	27.25	20000	NaN	NaN	NaN	750	0	11
41	2	2	0	41	1	1	NaN	1532	254	108111	0.7081	NaN	5465643	12.1518171694238	3.94937491416931	27.25	20000	NaN	NaN	NaN	750	0	11
42	2	2	0	42	1	1	NaN	1799	248	63077	0.724566666666667	NaN	6055502	12.1518171694238	3.94937491416931	27.25	20000	NaN	NaN	NaN	750	0	11
43	2	2	0	43	1	1	NaN	1749	237	63077	0.741033333333333	NaN	6787080	12.1518171694238	3.94937491416931	27.25	20000	NaN	NaN	NaN	750	0	11
44	2	2	0	44	1	1	NaN	1870	230	63076	0.757516666666667	NaN	6981289	12.1518171694238	3.94937491416931	27.25	20000	NaN	NaN	NaN	750	0	11
45	2	2	0	45	1	1	NaN	2199	233	63077	0.773983333333333	NaN	7989715	12.1518171694238	3.94937491416931	27.25	20000	NaN	NaN	NaN	750	0	11
46	2	2	0	46	1	1	NaN	2613	229	63076	0.79045	NaN	8198825	12.1518171694238	3.94937491416931	27.25	20000	NaN	NaN	NaN	750	0	11
47	2	2	0	47	1	1	NaN	2437	230	63076	0.806916666666667	NaN	8443291	12.1518171694238	3.94937491416931	27.25	20000	NaN	NaN	NaN	750	0	11
48	2	2	0	48	1	1	NaN	2594	232	63076	0.823383333333333	NaN	9098005	12.1518171694238	3.94937491416931	27.25	20000	NaN	NaN	NaN	750	0	11
49	2	2	0	49	1	1	NaN	2864	236	63077	0.839866666666667	NaN	9418809	12.1518171694238	3.94937491416931	27.25	20000	NaN	NaN	NaN	750	0	11
50	2	2	0	50	1	1	NaN	2968	247	63077	0.856333333333333	NaN	9578926	12.1518171694238	3.94937491416931	27.25	20000	NaN	NaN	NaN	750	0	11
51	2	2	0	51	1	1	NaN	3261	243	63076	0.8728	NaN	10081923	12.1518171694238	3.94937491416931	27.25	20000	NaN	NaN	NaN	750	0	11
52	2	2	0	52	1	1	NaN	3261	249	63077	0.889266666666667	NaN	10337810	12.1518171694238	3.94937491416931	27.25	20000	NaN	NaN	NaN	750	0	11
53	2	2	0	53	1	1	NaN	3360	255	63077	0.905733333333333	NaN	10712792	12.1518171694238	3.94937491416931	27.25	20000	NaN	NaN	NaN	750	0	11
54	2	2	0	54	1	1	NaN	3487	252	63077	0.92255	NaN	11070520	12.1518171694238	3.94999980926514	27.25	20000	NaN	NaN	NaN	750	0	11
55	2	2	0	55	1	1	NaN	3352	250	63077	0.939016666666667	NaN	11084471	12.1518171694238	3.94999980926514	27.25	20000	NaN	NaN	NaN	750	0	11
56	2	2	0	56	1	1	NaN	3406	235	63077	0.955483333333333	NaN	11311289	12.1518171694238	3.94999980926514	27.25	20000	NaN	NaN	NaN	750	0	11
57	2	2	0	57	1	1	NaN	3882	240	63076	0.97195	NaN	11013369	12.1518171694238	3.94999980926514	27.25	20000	NaN	NaN	NaN	750	0	11
58	2	2	0	58	1	1	NaN	2957	241	63077	0.988416666666667	NaN	10822249	12.1518171694238	3.94999980926514	27.25	20000	NaN	NaN	NaN	750	0	11
59	2	2	0	59	1	1	NaN	3256	250	63077	1.00488333333333	NaN	10368415	12.1518171694238	3.94999980926514	27.25	20000	NaN	NaN	NaN	750	0	11
60	2	2	0	60	1	1	NaN	3485	263	63077	1.02136666666667	NaN	10518894	12.1518171694238	3.94999980926514	27.25	20000	NaN	NaN	NaN	750	0	11
61	2	2	0	61	1	1	NaN	3288	248	63077	1.03783333333333	NaN	10573827	13.442140375109	3.94999980926514	27.25	20000	NaN	NaN	NaN	750	0	11
62	3	3	0	62	1	1	NaN	3111	229	63077	1.0567	NaN	9801176	13.442140375109	3.94999980926514	27.25	20000	NaN	NaN	NaN	750	0	11
63	3	3	0	63	1	1	NaN	4134	240	63076	1.07316666666667	NaN	10496789	13.442140375109	3.94999980926514	27.25	20000	NaN	NaN	NaN	750	0	11
64	3	3	0	64	1	1	NaN	2776	233	63077	1.08963333333333	NaN	9703724	13.442140375109	3.94999980926514	27.25	20000	NaN	NaN	NaN	750	0	11
65	3	3	0	65	1	1	NaN	3152	241	63076	1.1061	NaN	9691101	13.442140375109	3.94999980926514	27.25	20000	NaN	NaN	NaN	750	0	11
66	3	3	0	66	1	1	NaN	2436	240	63076	1.12258333333333	NaN	9738799	13.4293395558566	3.94999980926514	27.25	20000	NaN	NaN	NaN	750	0	11
67	3	3	0	67	1	1	NaN	2360	231	63077	1.13905	NaN	9260145	13.4293395558566	3.94999980926514	27.25	20000	NaN	NaN	NaN	750	0	11
68	3	3	0	68	1	1	NaN	2320	239	63076	1.15551666666667	NaN	8745603	13.4297235648081	3.94999980926514	27.25	20000	NaN	NaN	NaN	750	0	11
69	3	3	0	69	1	1	NaN	2055	242	63077	1.17231666666667	NaN	9224443	13.4297235648081	3.94999980926514	27.25	20000	NaN	NaN	NaN	750	0	11
70	3	3	0	70	1	1	NaN	2281	238	63077	1.18878333333333	NaN	9621685	13.4297235648081	3.94999980926514	27.25	20000	NaN	NaN	NaN	750	0	11
71	3	3	0	71	1	1	NaN	2304	243	63076	1.20525	NaN	9526596	13.4297235648081	3.94999980926514	27.25	20000	NaN	NaN	NaN	750	0	11
72	3	3	0	72	1	1	NaN	2451	244	63077	1.22173333333333	NaN	9254120	13.4297235648081	3.94999980926514	27.25	20000	NaN	NaN	NaN	750	0	11
73	3	3	0	73	1	1	NaN	1951	243	63076	1.2382	NaN	8863276	13.4297235648081	3.94999980926514	27.25	20000	NaN	NaN	NaN	750	0	11
74	3	3	0	74	1	1	NaN	2023	234	63077	1.25466666666667	NaN	8911171	13.4297235648081	3.94999980926514	27.25	20000	NaN	NaN	NaN	750	0	11
75	3	3	0	75	1	1	NaN	2014	236	63077	1.27113333333333	NaN	8986330	13.4297235648081	3.94999980926514	27.25	20000	NaN	NaN	NaN	750	0	11
76	3	3	0	76	1	1	NaN	1966	235	63077	1.2876	NaN	8925203	13.4297235648081	3.94999980926514	27.25	20000	NaN	NaN	NaN	750	0	11
77	3	3	0	77	1	1	NaN	1956	242	63076	1.30408333333333	NaN	8967019	13.4297235648081	3.94999980926514	27.25	20000	NaN	NaN	NaN	750	0	11
78	3	3	0	78	1	1	NaN	1973	233	108112	1.32055	NaN	8711352	13.4297235648081	3.94999980926514	27.25	20000	NaN	NaN	NaN	750	0	11
79	3	3	0	79	1	1	NaN	1835	240	63076	1.33701666666667	NaN	8379384	13.4297235648081	3.94999980926514	27.25	20000	NaN	NaN	NaN	750	0	11
80	3	3	0	80	1	1	NaN	1804	233	63077	1.35348333333333	NaN	8866478	13.4297235648081	3.94999980926514	27.25	20000	NaN	NaN	NaN	750	0	11
81	3	3	0	81	1	1	NaN	2163	240	63076	1.36995	NaN	9070923	13.4297235648081	3.94999980926514	27.25	20000	NaN	NaN	NaN	750	0	11
82	3	3	0	82	1	1	NaN	2113	248	63076	1.38643333333333	NaN	8873295	13.4297235648081	3.94999980926514	27.25	20000	NaN	NaN	NaN	750	0	11
83	3	3	0	83	1	1	NaN	2259	232	108111	1.4029	NaN	8980729	13.4297235648081	3.94999980926514	27.25	20000	NaN	NaN	NaN	750	0	11
84	3	3	0	84	1	1	NaN	1894	234	108111	1.4197	NaN	8778193	13.4297235648081	3.94937491416931	27.25	20000	NaN	NaN	NaN	750	0	11
85	3	3	0	85	1	1	NaN	2088	245	63077	1.43616666666667	NaN	8481873	13.4297235648081	3.94937491416931	27.25	20000	NaN	NaN	NaN	750	0	11
86	3	3	0	86	1	1	NaN	2054	232	108112	1.45263333333333	NaN	8945617	13.4297235648081	3.94937491416931	27.25	20000	NaN	NaN	NaN	750	0	11
87	3	3	0	87	1	1	NaN	1791	229	63077	1.46911666666667	NaN	8801577	13.4297235648081	3.94937491416931	27.25	20000	NaN	NaN	NaN	750	0	11
88	3	3	0	88	1	1	NaN	2001	245	63077	1.48558333333333	NaN	8711187	13.4297235648081	3.94937491416931	27.25	20000	NaN	NaN	NaN	750	0	11
89	3	3	0	89	1	1	NaN	1845	229	63076	1.50205	NaN	8983582	13.4297235648081	3.94937491416931	27.25	20000	NaN	NaN	NaN	750	0	11
90	3	3	0	90	1	1	NaN	1619	253	66753	1.51851666666667	NaN	9124971	13.4297235648081	3.94937491416931	27.25	20000	NaN	NaN	NaN	750	0	11
91	3	3	0	91	1	1	NaN	1614	243	66753	1.53498333333333	NaN	8333314	14.7226063093038	3.94937491416931	27.25	20000	NaN	NaN	NaN	750	0	11
92	3	3	0	92	1	1	NaN	2029	234	108112	1.55146666666667	NaN	8836494	14.7226063093038	3.94937491416931	27.25	20000	NaN	NaN	NaN	750	0	11
93	4	4	0	93	1	1	NaN	1802	236	63077	1.57033333333333	NaN	8657817	14.7226063093038	3.94937491416931	27.25	20000	NaN	NaN	NaN	750	0	11
94	4	4	0	94	1	1	NaN	1817	238	66753	1.5868	NaN	8547840	14.7226063093038	3.94937491416931	27.25	20000	NaN	NaN	NaN	750	0	11
95	4	4	0	95	1	1	NaN	2307	217	108112	1.60326666666667	NaN	8770761	14.7226063093038	3.94937491416931	27.25	20000	NaN	NaN	NaN	750	0	11
96	4	4	0	96	1	1	NaN	1998	218	108112	1.61973333333333	NaN	9036458	14.7226063093038	3.94937491416931	27.25	20000	NaN	NaN	NaN	750	0	11
97	4	4	0	97	1	1	NaN	2248	232	63077	1.6362	NaN	8835603	14.7059646192356	3.94937491416931	27.25	20000	NaN	NaN	NaN	750	0	11
98	4	4	0	98	1	1	NaN	1941	217	108112	1.65268333333333	NaN	9084946	14.705324539208	3.94937491416931	27.25	20000	NaN	NaN	NaN	750	0	11
99	4	4	0	99	1	1	NaN	2169	238	63076	1.66948333333333	NaN	9026853	14.705324539208	3.94968748092651	27.25	20000	NaN	NaN	NaN	750	0	11
100	4	4	0	100	1	1	NaN	1923	236	63077	1.68595	NaN	8975427	14.705324539208	3.94968748092651	27.25	20000	NaN	NaN	NaN	750	0	11
101	4	4	0	101	1	1	NaN	2109	216	108111	1.70241666666667	NaN	8743095	14.705324539208	3.94968748092651	27.25	20000	NaN	NaN	NaN	750	0	11
102	4	4	0	102	1	1	NaN	1927	216	108111	1.71888333333333	NaN	8650079	14.705324539208	3.94968748092651	27.25	20000	NaN	NaN	NaN	750	0	11
103	4	4	0	103	1	1	NaN	1769	245	63077	1.73535	NaN	8710653	14.705324539208	3.94968748092651	27.25	20000	NaN	NaN	NaN	750	0	11
104	4	4	0	104	1	1	NaN	2449	216	108112	1.75183333333333	NaN	9375570	14.705324539208	3.94968748092651	27.25	20000	NaN	NaN	NaN	750	0	11
105	4	4	0	105	1	1	NaN	2074	229	63076	1.7683	NaN	9685534	14.705324539208	3.94968748092651	27.25	20000	NaN	NaN	NaN	750	0	11
106	4	4	0	106	1	1	NaN	1926	217	108111	1.78476666666667	NaN	9031973	14.705324539208	3.94968748092651	27.25	20000	NaN	NaN	NaN	750	0	11
107	4	4	0	107	1	1	NaN	2155	217	108112	1.80123333333333	NaN	8453122	14.705324539208	3.94968748092651	27.25	20000	NaN	NaN	NaN	750	0	11
108	4	4	0	108	1	1	NaN	1857	218	108112	1.8177	NaN	8909942	14.705324539208	3.94968748092651	27.25	20000	NaN	NaN	NaN	750	0	11
109	4	4	0	109	1	1	NaN	1872	225	66753	1.83418333333333	NaN	8916737	14.705324539208	3.94968748092651	27.25	20000	NaN	NaN	NaN	750	0	11
110	4	4	0	110	1	1	NaN	1745	232	66753	1.85065	NaN	8461523	14.705324539208	3.94968748092651	27.25	20000	NaN	NaN	NaN	750	0	11
111	4	4	0	111	1	1	NaN	1966	217	108111	1.86711666666667	NaN	9039324	14.705324539208	3.94968748092651	27.25	20000	NaN	NaN	NaN	750	0	11
112	4	4	0	112	1	1	NaN	1753	216	108112	1.88358333333333	NaN	8871790	14.705324539208	3.94968748092651	27.25	20000	NaN	NaN	NaN	750	0	11
113	4	4	0	113	1	1	NaN	1844	231	63077	1.90005	NaN	8981358	14.705324539208	3.94968748092651	27.25	20000	NaN	NaN	NaN	750	0	11
114	4	4	0	114	1	1	NaN	1973	216	108112	1.91686666666667	NaN	8945801	14.705324539208	3.94968748092651	27.25	20000	NaN	NaN	NaN	750	0	11
115	4	4	0	115	1	1	NaN	2132	225	66753	1.93333333333333	NaN	9128538	14.705324539208	3.94968748092651	27.25	20000	NaN	NaN	NaN	750	0	11
116	4	4	0	116	1	1	NaN	2269	217	108112	1.9498	NaN	8575877	14.705324539208	3.94968748092651	27.25	20000	NaN	NaN	NaN	750	0	11
117	4	4	0	117	1	1	NaN	2409	221	63077	1.96626666666667	NaN	8668249	14.705324539208	3.94968748092651	27.25	20000	NaN	NaN	NaN	750	0	11
118	4	4	0	118	1	1	NaN	1835	215	108112	1.98273333333333	NaN	8575562	14.705324539208	3.94968748092651	27.25	20000	NaN	NaN	NaN	750	0	11
119	4	4	0	119	1	1	NaN	1958	215	108111	1.9992	NaN	8741096	14.705324539208	3.94968748092651	27.25	20000	NaN	NaN	NaN	750	0	11
120	4	4	0	120	1	1	NaN	2024	237	66753	2.01568333333333	NaN	9034805	14.705324539208	3.94968748092651	27.25	20000	NaN	NaN	NaN	750	0	11
121	4	4	0	121	1	1	NaN	2148	218	108111	2.03215	NaN	8688967	16.0020481545194	3.94968748092651	27.25	20000	NaN	NaN	NaN	750	0	11
122	4	4	0	122	1	1	NaN	2807	216	108111	2.04861666666667	NaN	9034683	16.0020481545194	3.94968748092651	27.25	20000	NaN	NaN	NaN	750	0	11
123	5	5	0	123	1	1	NaN	1827	225	63076	2.06748333333333	NaN	8335030	16.0020481545194	3.94968748092651	27.25	20000	NaN	NaN	NaN	750	0	11
124	5	5	0	124	1	1	NaN	1948	204	108111	2.08395	NaN	8737540	16.0020481545194	3.94968748092651	27.25	20000	NaN	NaN	NaN	750	0	11
125	5	5	0	125	1	1	NaN	1954	226	63076	2.10041666666667	NaN	8871254	16.0020481545194	3.94968748092651	27.25	20000	NaN	NaN	NaN	750	0	11
126	5	5	0	126	1	1	NaN	1997	202	108112	2.1169	NaN	9282842	16.0020481545194	3.94968748092651	27.25	20000	NaN	NaN	NaN	750	0	11
127	5	5	0	127	1	1	NaN	2017	204	108111	2.13336666666667	NaN	8691538	15.9854064644512	3.94968748092651	27.25	20000	NaN	NaN	NaN	750	0	11
128	5	5	0	128	1	1	NaN	2092	202	108112	2.14983346354167	NaN	8586229	15.9854064644512	3.94968748092651	27.25	20000	NaN	NaN	NaN	750	0	11
129	5	5	0	129	1	1	NaN	1957	215	66753	2.16663333333333	NaN	8887875	15.9854064644512	3.94999980926514	27.25	20000	NaN	NaN	NaN	750	0	11
130	5	5	0	130	1	1	NaN	2007	203	108112	2.18309986979167	NaN	8617470	15.9854064644512	3.94999980926514	27.25	20000	NaN	NaN	NaN	750	0	11
131	5	5	0	131	1	1	NaN	2324	203	108112	2.19956666666667	NaN	8805714	15.9854064644512	3.94999980926514	27.25	20000	NaN	NaN	NaN	750	0	11
132	5	5	0	132	1	1	NaN	1854	210	63076	2.21605	NaN	9113743	15.9854064644512	3.94999980926514	27.25	20000	NaN	NaN	NaN	750	0	11
133	5	5	0	133	1	1	NaN	1863	216	66753	2.23251666666667	NaN	9383663	15.9854064644512	3.94999980926514	27.25	20000	NaN	NaN	NaN	750	0	11
134	5	5	0	134	1	1	NaN	2703	203	108111	2.24898333333333	NaN	8796592	15.9854064644512	3.94999980926514	27.25	20000	NaN	NaN	NaN	750	0	11
135	5	5	0	135	1	1	NaN	1860	204	108112	2.26545	NaN	8588033	15.9854064644512	3.94999980926514	27.25	20000	NaN	NaN	NaN	750	0	11
136	5	5	0	136	1	1	NaN	2112	211	63076	2.28191666666667	NaN	9257375	15.9854064644512	3.94999980926514	27.25	20000	NaN	NaN	NaN	750	0	11
137	5	5	0	137	1	1	NaN	1811	203	108111	2.2984	NaN	8668022	15.9854064644512	3.94999980926514	27.25	20000	NaN	NaN	NaN	750	0	11
138	5	5	0	138	1	1	NaN	1958	203	108111	2.31486666666667	NaN	9072490	15.9854064644512	3.94999980926514	27.25	20000	NaN	NaN	NaN	750	0	11
139	5	5	0	139	1	1	NaN	2267	202	108111	2.33133333333333	NaN	8764115	15.9854064644512	3.94999980926514	27.25	20000	NaN	NaN	NaN	750	0	11
140	5	5	0	140	1	1	NaN	1912	221	66753	2.3478	NaN	8637755	15.9854064644512	3.94999980926514	27.25	20000	NaN	NaN	NaN	750	0	11
141	5	5	0	141	1	1	NaN	2079	214	66753	2.36426666666667	NaN	8649500	15.9854064644512	3.94999980926514	27.25	20000	NaN	NaN	NaN	750	0	11
142	5	5	0	142	1	1	NaN	1988	202	108111	2.38075	NaN	8354816	15.9854064644512	3.94999980926514	27.25	20000	NaN	NaN	NaN	750	0	11
143	5	5	0	143	1	1	NaN	2069	223	63076	2.39721666666667	NaN	8639331	15.9854064644512	3.94999980926514	27.25	20000	NaN	NaN	NaN	750	0	11
144	5	5	0	144	1	1	NaN	1805	207	63077	2.41401666666667	NaN	8654919	15.9854064644512	3.94968748092651	27.25	20000	NaN	NaN	NaN	750	0	11
145	5	5	0	145	1	1	NaN	2232	203	108111	2.43048333333333	NaN	8897309	15.9854064644512	3.94968748092651	27.25	20000	NaN	NaN	NaN	750	0	11
146	5	5	0	146	1	1	NaN	2083	203	108111	2.44695	NaN	8560085	15.9854064644512	3.94968748092651	27.25	20000	NaN	NaN	NaN	750	0	11
147	5	5	0	147	1	1	NaN	2981	203	63077	2.46343333333333	NaN	9066980	15.9854064644512	3.94968748092651	27.25	20000	NaN	NaN	NaN	750	0	11
148	5	5	0	148	1	1	NaN	1866	202	108112	2.4799	NaN	9145727	15.9854064644512	3.94968748092651	27.25	20000	NaN	NaN	NaN	750	0	11
149	5	5	0	149	1	1	NaN	1781	205	63077	2.49636666666667	NaN	8946376	15.9854064644512	3.94968748092651	27.25	20000	NaN	NaN	NaN	750	0	11
150	5	5	0	150	1	1	NaN	1837	216	66753	2.51283333333333	NaN	9016299	15.9854064644512	3.94968748092651	27.25	20000	NaN	NaN	NaN	750	0	11
151	5	5	0	151	1	1	NaN	2073	221	63076	2.5293	NaN	8865021	15.9854064644512	3.94968748092651	27.25	20000	NaN	NaN	NaN	750	0	11
152	5	5	0	152	1	1	NaN	1915	216	63077	2.54578333333333	NaN	8618727	17.2821300797626	3.94968748092651	27.25	20000	NaN	NaN	NaN	750	0	11
153	6	6	0	153	1	1	NaN	2218	195	63076	2.56465	NaN	8444906	17.2821300797626	3.94968748092651	27.25	20000	NaN	NaN	NaN	750	0	11
154	6	6	0	154	1	1	NaN	2834	197	63077	2.58111666666667	NaN	8909554	17.2821300797626	3.94968748092651	27.25	20000	NaN	NaN	NaN	750	0	11
155	6	6	0	155	1	1	NaN	2297	191	108111	2.59758333333333	NaN	8666464	17.2821300797626	3.94968748092651	27.25	20000	NaN	NaN	NaN	750	0	11
156	6	6	0	156	1	1	NaN	2170	191	108111	2.61405	NaN	8796180	17.2821300797626	3.94968748092651	27.25	20000	NaN	NaN	NaN	750	0	11
157	6	6	0	157	1	1	NaN	2072	200	66753	2.63051666666667	NaN	8729133	17.262928850884	3.94968748092651	27.25	20000	NaN	NaN	NaN	750	0	11
158	6	6	0	158	1	1	NaN	2715	198	66753	2.647	NaN	8817489	17.262928850884	3.94968748092651	27.25	20000	NaN	NaN	NaN	750	0	11
159	6	6	0	159	1	1	NaN	2324	191	108111	2.6638	NaN	8885317	17.262928850884	3.94968748092651	27.25	20000	NaN	NaN	NaN	750	0	11
160	6	6	0	160	1	1	NaN	1967	198	66753	2.68026666666667	NaN	8977693	17.262928850884	3.94968748092651	27.25	20000	NaN	NaN	NaN	750	0	11
161	6	6	0	161	1	1	NaN	1897	198	66753	2.69673333333333	NaN	8553176	17.262928850884	3.94968748092651	27.25	20000	NaN	NaN	NaN	750	0	11
162	6	6	0	162	1	1	NaN	2411	191	108111	2.7132	NaN	8780094	17.262928850884	3.94968748092651	27.25	20000	NaN	NaN	NaN	750	0	11
163	6	6	0	163	1	1	NaN	2255	191	108112	2.72966666666667	NaN	8755644	17.262928850884	3.94968748092651	27.25	20000	NaN	NaN	NaN	750	0	11
164	6	6	0	164	1	1	NaN	2303	191	108112	2.74615	NaN	8332697	17.262928850884	3.94968748092651	27.25	20000	NaN	NaN	NaN	750	0	11
165	6	6	0	165	1	1	NaN	2103	195	66753	2.76261666666667	NaN	8787020	17.262928850884	3.94968748092651	27.25	20000	NaN	NaN	NaN	750	0	11
166	6	6	0	166	1	1	NaN	2324	191	108111	2.77908333333333	NaN	8971930	17.262928850884	3.94968748092651	27.25	20000	NaN	NaN	NaN	750	0	11
167	6	6	0	167	1	1	NaN	1999	193	63076	2.79555	NaN	8886070	17.262928850884	3.94968748092651	27.25	20000	NaN	NaN	NaN	750	0	11
168	6	6	0	168	1	1	NaN	2299	192	108111	2.81201666666667	NaN	8725182	17.262928850884	3.94968748092651	27.25	20000	NaN	NaN	NaN	750	0	11
169	6	6	0	169	1	1	NaN	2167	198	63076	2.8285	NaN	8787210	17.262928850884	3.94968748092651	27.25	20000	NaN	NaN	NaN	750	0	11
170	6	6	0	170	1	1	NaN	2066	191	108111	2.84496666666667	NaN	8712390	17.262928850884	3.94968748092651	27.25	20000	NaN	NaN	NaN	750	0	11
171	6	6	0	171	1	1	NaN	2322	191	108111	2.86143333333333	NaN	9112185	17.262928850884	3.94968748092651	27.25	20000	NaN	NaN	NaN	750	0	11
172	6	6	0	172	1	1	NaN	2808	190	108111	2.8779	NaN	8872091	17.262928850884	3.94968748092651	27.25	20000	NaN	NaN	NaN	750	0	11
173	6	6	0	173	1	1	NaN	1940	190	108111	2.89436666666667	NaN	9004478	17.262928850884	3.94968748092651	27.25	20000	NaN	NaN	NaN	750	0	11
174	6	6	0	174	1	1	NaN	1999	201	66753	2.91085	NaN	8674880	17.262928850884	3.94968748092651	27.25	20000	NaN	NaN	NaN	750	0	11
175	6	6	0	175	1	1	NaN	2164	209	63076	2.92798333333333	NaN	8707810	17.262928850884	3.94968748092651	27.25	20000	NaN	NaN	NaN	750	0	11
176	6	6	0	176	1	1	NaN	2380	191	108111	2.94445	NaN	8149501	17.262928850884	3.94968748092651	27.25	20000	NaN	NaN	NaN	750	0	11
177	6	6	0	177	1	1	NaN	2502	191	108111	2.96091666666667	NaN	8621570	17.262928850884	3.94968748092651	27.25	20000	NaN	NaN	NaN	750	0	11
178	6	6	0	178	1	1	NaN	1914	190	108112	2.97738333333333	NaN	8755467	17.262928850884	3.94968748092651	27.25	20000	NaN	NaN	NaN	750	0	11
179	6	6	0	179	1	1	NaN	2489	190	108111	2.99385	NaN	8686163	17.262928850884	3.94968748092651	27.25	20000	NaN	NaN	NaN	750	0	11
180	6	6	0	180	1	1	NaN	1844	197	66753	3.01031666666667	NaN	8781999	17.262928850884	3.94968748092651	27.25	20000	NaN	NaN	NaN	750	0	11
181	6	6	0	181	1	1	NaN	2412	191	108111	3.0268	NaN	8911330	17.262928850884	3.94968748092651	27.25	20000	NaN	NaN	NaN	750	0	11
182	6	6	0	182	1	1	NaN	2153	191	108111	3.04326666666667	NaN	8765555	18.5622120050058	3.94968748092651	27.25	20000	NaN	NaN	NaN	750	0	11
183	7	7	0	183	1	1	NaN	2238	181	108111	3.06213333333333	NaN	8487111	18.5622120050058	3.94968748092651	27.25	20000	NaN	NaN	NaN	750	0	11
184	7	7	0	184	1	1	NaN	2258	195	63076	3.0786	NaN	8986441	18.5622120050058	3.94968748092651	27.25	20000	NaN	NaN	NaN	750	0	11
185	7	7	0	185	1	1	NaN	2846	181	108112	3.09506666666667	NaN	8799823	18.5622120050058	3.94968748092651	27.25	20000	NaN	NaN	NaN	750	0	11
186	7	7	0	186	1	1	NaN	1984	186	66753	3.11153333333333	NaN	8742501	18.5622120050058	3.94968748092651	27.25	20000	NaN	NaN	NaN	750	0	11
187	7	7	0	187	1	1	NaN	2478	180	108111	3.12801666666667	NaN	8781517	18.5391699053114	3.94968748092651	27.25	20000	NaN	NaN	NaN	750	0	11
188	7	7	0	188	1	1	NaN	2076	180	63076	3.14448333333333	NaN	8581266	18.5391699053114	3.94968748092651	27.25	20000	NaN	NaN	NaN	750	0	11
189	7	7	0	189	1	1	NaN	2374	181	108112	3.16095	NaN	8357645	18.5391699053114	3.94968748092651	27.25	20000	NaN	NaN	NaN	750	0	11
190	7	7	0	190	1	1	NaN	2711	193	63077	3.17808333333333	NaN	8784320	18.5391699053114	3.94999980926514	27.25	20000	NaN	NaN	NaN	750	0	11
191	7	7	0	191	1	1	NaN	2426	181	108111	3.19455	NaN	9130592	18.5391699053114	3.94999980926514	27.25	20000	NaN	NaN	NaN	750	0	11
192	7	7	0	192	1	1	NaN	1866	192	63076	3.21101666666667	NaN	8375496	18.5391699053114	3.94999980926514	27.25	20000	NaN	NaN	NaN	750	0	11
193	7	7	0	193	1	1	NaN	2645	181	108112	3.2275	NaN	8700633	18.5391699053114	3.94999980926514	27.25	20000	NaN	NaN	NaN	750	0	11
194	7	7	0	194	1	1	NaN	2349	189	66753	3.24396666666667	NaN	8627524	18.5391699053114	3.94999980926514	27.25	20000	NaN	NaN	NaN	750	0	11
195	7	7	0	195	1	1	NaN	1825	193	63076	3.26043333333333	NaN	8785645	18.5391699053114	3.94999980926514	27.25	20000	NaN	NaN	NaN	750	0	11
196	7	7	0	196	1	1	NaN	2543	192	63076	3.2769	NaN	8826963	18.5391699053114	3.94999980926514	27.25	20000	NaN	NaN	NaN	750	0	11
197	7	7	0	197	1	1	NaN	2393	180	108112	3.29336666666667	NaN	8581396	18.5391699053114	3.94999980926514	27.25	20000	NaN	NaN	NaN	750	0	11
198	7	7	0	198	1	1	NaN	2411	181	108111	3.30985	NaN	8615114	18.5391699053114	3.94999980926514	27.25	20000	NaN	NaN	NaN	750	0	11
199	7	7	0	199	1	1	NaN	2766	181	108111	3.32631666666667	NaN	8982833	18.5391699053114	3.94999980926514	27.25	20000	NaN	NaN	NaN	750	0	11
200	7	7	0	200	1	1	NaN	1755	184	63077	3.34278333333333	NaN	8640770	18.5391699053114	3.94999980926514	27.25	20000	NaN	NaN	NaN	750	0	11
201	7	7	0	201	1	1	NaN	2586	181	108111	3.35925	NaN	8070484	18.5391699053114	3.94999980926514	27.25	20000	NaN	NaN	NaN	750	0	11
202	7	7	0	202	1	1	NaN	2339	180	108111	3.37571666666667	NaN	8867688	18.5391699053114	3.94999980926514	27.25	20000	NaN	NaN	NaN	750	0	11
203	7	7	0	203	1	1	NaN	2263	194	66753	3.3922	NaN	8913441	18.5391699053114	3.94999980926514	27.25	20000	NaN	NaN	NaN	750	0	11
204	7	7	0	204	1	1	NaN	1987	190	66753	3.40866666666667	NaN	8929284	18.5391699053114	3.94999980926514	27.25	20000	NaN	NaN	NaN	750	0	11
205	7	7	0	205	1	1	NaN	2536	183	66753	3.42546666666667	NaN	8704329	18.5391699053114	3.94999980926514	27.25	20000	NaN	NaN	NaN	750	0	11
206	7	7	0	206	1	1	NaN	2170	180	108111	3.44193333333333	NaN	8607820	18.5391699053114	3.94999980926514	27.25	20000	NaN	NaN	NaN	750	0	11
207	7	7	0	207	1	1	NaN	2206	180	108111	3.4584	NaN	8904522	18.5391699053114	3.94999980926514	27.25	20000	NaN	NaN	NaN	750	0	11
208	7	7	0	208	1	1	NaN	2264	190	66753	3.47486666666667	NaN	8581947	18.5391699053114	3.94999980926514	27.25	20000	NaN	NaN	NaN	750	0	11
209	7	7	0	209	1	1	NaN	2009	187	66753	3.49135	NaN	8784040	18.5391699053114	3.94999980926514	27.25	20000	NaN	NaN	NaN	750	0	11
