FrameId	FrameMethodId	TimeSegmentId	ActualsOffset	CycleNumber	FirstNonzeroDriftBin	FragClass	FragEnergy	FrameBaseAbund	FrameBaseDriftBin	FrameBaseMsBin	FrameScanTime	FrameSpecAbundLimit	FrameTic	ImsField	ImsPressure	ImsTemperature	ImsTrapTime	IsolationStartMz	IsolationMz	IsolationEndMz	LastNonzeroDriftBin	MassCalOffset	NumTransients
1	1	1	0	1	1	1	NaN	727	160	60575	0.0452166666666667	NaN	2747443	10.8717352441806	3.94843745231628	27.25	20000	NaN	NaN	NaN	750	0	11
2	1	1	0	2	1	1	NaN	873	197	78867	0.0616833333333333	NaN	2837791	10.8717352441806	3.94843745231628	27.25	20000	NaN	NaN	NaN	750	0	11
3	1	1	0	3	1	1	NaN	367	195	78867	0.0781666666666667	NaN	2716732	10.8717352441806	3.94843745231628	27.25	20000	NaN	NaN	NaN	750	0	11
4	1	1	0	4	1	1	NaN	510	196	78866	0.0946333333333333	NaN	2766769	10.8717352441806	3.94843745231628	27.25	20000	NaN	NaN	NaN	750	0	11
5	1	1	0	5	1	1	NaN	706	190	77998	0.1111	NaN	2913766	10.8717352441806	3.94843745231628	27.25	20000	NaN	NaN	NaN	750	0	11
6	1	1	0	6	1	1	NaN	641	196	78867	0.127566666666667	NaN	2761165	10.8717352441806	3.94843745231628	27.25	20000	NaN	NaN	NaN	750	0	11
7	1	1	0	7	1	1	NaN	724	197	78868	0.144033333333333	NaN	2789260	10.8717352441806	3.94843745231628	27.25	20000	NaN	NaN	NaN	750	0	11
8	1	1	0	8	1	1	NaN	744	195	78867	0.160516666666667	NaN	2867674	10.8717352441806	3.94843745231628	27.25	20000	NaN	NaN	NaN	750	0	11
9	1	1	0	9	1	1	NaN	516	189	77998	0.176983333333333	NaN	2656863	10.8717352441806	3.94843745231628	27.25	20000	NaN	NaN	NaN	750	0	11
10	1	1	0	10	1	1	NaN	666	196	78867	0.19345	NaN	2674848	10.8717352441806	3.94843745231628	27.25	20000	NaN	NaN	NaN	750	0	11
11	1	1	0	11	1	1	NaN	845	189	77998	0.209916666666667	NaN	2706540	10.8717352441806	3.94843745231628	27.25	20000	NaN	NaN	NaN	750	0	11
12	1	1	0	12	1	1	NaN	916	196	78867	0.226383333333333	NaN	2692684	10.8717352441806	3.94843745231628	27.25	20000	NaN	NaN	NaN	750	0	11
13	1	1	0	13	1	1	NaN	861	197	78867	0.242866666666667	NaN	2717666	10.8717352441806	3.94843745231628	27.25	20000	NaN	NaN	NaN	750	0	11
14	1	1	0	14	1	1	NaN	960	196	78867	0.259666666666667	NaN	2636997	10.8717352441806	3.94999980926514	27.25	20000	NaN	NaN	NaN	750	0	11
15	1	1	0	15	1	1	NaN	769	197	78867	0.276133333333333	NaN	2578295	10.8717352441806	3.94999980926514	27.25	20000	NaN	NaN	NaN	750	0	11
16	1	1	0	16	1	1	NaN	1215	197	78867	0.2926	NaN	2497178	10.8717352441806	3.94999980926514	27.25	20000	NaN	NaN	NaN	750	0	11
17	1	1	0	17	1	1	NaN	815	197	78868	0.309066666666667	NaN	2650494	10.8717352441806	3.94999980926514	27.25	20000	NaN	NaN	NaN	750	0	11
18	1	1	0	18	1	1	NaN	731	164	58581	0.325533333333333	NaN	2793491	10.8717352441806	3.94999980926514	27.25	20000	NaN	NaN	NaN	750	0	11
19	1	1	0	19	1	1	NaN	653	165	58580	0.342016666666667	NaN	2766460	10.8717352441806	3.94999980926514	27.25	20000	NaN	NaN	NaN	750	0	11
20	1	1	0	20	1	1	NaN	914	277	108111	0.358483333333333	NaN	2925896	10.8717352441806	3.94999980926514	27.25	20000	NaN	NaN	NaN	750	0	11
21	1	1	0	21	1	1	NaN	956	165	58581	0.37495	NaN	2781334	10.8717352441806	3.94999980926514	27.25	20000	NaN	NaN	NaN	750	0	11
22	1	1	0	22	1	1	NaN	654	278	108112	0.391416666666667	NaN	2817462	10.8717352441806	3.94999980926514	27.25	20000	NaN	NaN	NaN	750	0	11
23	1	1	0	23	1	1	NaN	1037	278	108111	0.407883333333333	NaN	2846113	10.8717352441806	3.94999980926514	27.25	20000	NaN	NaN	NaN	750	0	11
24	1	1	0	24	1	1	NaN	719	164	58581	0.424366666666667	NaN	2799021	10.8717352441806	3.94999980926514	27.25	20000	NaN	NaN	NaN	750	0	11
25	1	1	0	25	1	1	NaN	631	279	108112	0.440833333333333	NaN	2870520	10.8717352441806	3.94999980926514	27.25	20000	NaN	NaN	NaN	750	0	11
26	1	1	0	26	1	1	NaN	809	277	108111	0.4573	NaN	3029316	10.8717352441806	3.94999980926514	27.25	20000	NaN	NaN	NaN	750	0	11
27	1	1	0	27	1	1	NaN	835	165	58581	0.473766666666667	NaN	2920272	10.8717352441806	3.94999980926514	27.25	20000	NaN	NaN	NaN	750	0	11
28	1	1	0	28	1	1	NaN	1352	196	78867	0.490233333333333	NaN	3015925	10.8722471910077	3.94999980926514	27.25	20000	NaN	NaN	NaN	750	0	11
29	1	1	0	29	1	1	NaN	826	165	58581	0.50705	NaN	3071112	10.8722471910077	3.94937491416931	27.25	20000	NaN	NaN	NaN	750	0	11
30	1	1	0	30	1	1	NaN	1002	165	58581	0.523516666666667	NaN	3205695	10.8722471910077	3.94937491416931	27.25	20000	NaN	NaN	NaN	750	0	11
31	1	1	0	31	1	1	NaN	926	164	58581	0.53998330078125	NaN	3160775	12.1625703966929	3.94937491416931	27.25	20000	NaN	NaN	NaN	750	0	11
32	2	2	0	32	1	1	NaN	779	150	58581	0.55885	NaN	3033871	12.1625703966929	3.94937491416931	27.25	20000	NaN	NaN	NaN	750	0	11
33	2	2	0	33	1	1	NaN	1219	150	58581	0.575316666666667	NaN	3150506	12.1625703966929	3.94937491416931	27.25	20000	NaN	NaN	NaN	750	0	11
34	2	2	0	34	1	1	NaN	852	179	78867	0.591783333333333	NaN	3024858	12.1625703966929	3.94937491416931	27.25	20000	NaN	NaN	NaN	750	0	11
35	2	2	0	35	1	1	NaN	1060	150	58581	0.608266666666667	NaN	3129633	12.1625703966929	3.94937491416931	27.25	20000	NaN	NaN	NaN	750	0	11
36	2	2	0	36	1	1	NaN	1056	151	58581	0.624733333333333	NaN	3040816	12.1625703966929	3.94937491416931	27.25	20000	NaN	NaN	NaN	750	0	11
37	2	2	0	37	1	1	NaN	793	253	108112	0.6412	NaN	3123625	12.1536104482562	3.94937491416931	27.25	20000	NaN	NaN	NaN	750	0	11
38	2	2	0	38	1	1	NaN	1133	252	108111	0.657666666666667	NaN	3134874	12.1524584214015	3.94937491416931	27.25	20000	NaN	NaN	NaN	750	0	11
39	2	2	0	39	1	1	NaN	905	253	108111	0.674133333333333	NaN	3079675	12.1524584214015	3.94937491416931	27.25	20000	NaN	NaN	NaN	750	0	11
40	2	2	0	40	1	1	NaN	906	251	108111	0.690616666666667	NaN	3134751	12.1524584214015	3.94937491416931	27.25	20000	NaN	NaN	NaN	750	0	11
41	2	2	0	41	1	1	NaN	1056	254	108111	0.707083333333333	NaN	3413652	12.1524584214015	3.94937491416931	27.25	20000	NaN	NaN	NaN	750	0	11
42	2	2	0	42	1	1	NaN	1072	252	108112	0.72355	NaN	3392023	12.1524584214015	3.94937491416931	27.25	20000	NaN	NaN	NaN	750	0	11
43	2	2	0	43	1	1	NaN	941	253	108112	0.740016666666667	NaN	3274858	12.1524584214015	3.94937491416931	27.25	20000	NaN	NaN	NaN	750	0	11
44	2	2	0	44	1	1	NaN	931	254	108111	0.756816666666667	NaN	3380328	12.1524584214015	3.94999980926514	27.25	20000	NaN	NaN	NaN	750	0	11
45	2	2	0	45	1	1	NaN	945	254	108111	0.773283333333333	NaN	3069773	12.1524584214015	3.94999980926514	27.25	20000	NaN	NaN	NaN	750	0	11
46	2	2	0	46	1	1	NaN	1009	252	108112	0.789766666666667	NaN	3347997	12.1524584214015	3.94999980926514	27.25	20000	NaN	NaN	NaN	750	0	11
47	2	2	0	47	1	1	NaN	1434	252	108111	0.806233333333333	NaN	3524475	12.1524584214015	3.94999980926514	27.25	20000	NaN	NaN	NaN	750	0	11
48	2	2	0	48	1	1	NaN	778	252	108111	0.8227	NaN	3396421	12.1524584214015	3.94999980926514	27.25	20000	NaN	NaN	NaN	750	0	11
49	2	2	0	49	1	1	NaN	878	254	108112	0.839166666666667	NaN	3389062	12.1524584214015	3.94999980926514	27.25	20000	NaN	NaN	NaN	750	0	11
50	2	2	0	50	1	1	NaN	776	253	108112	0.855633333333333	NaN	3418113	12.1524584214015	3.94999980926514	27.25	20000	NaN	NaN	NaN	750	0	11
51	2	2	0	51	1	1	NaN	1231	178	78867	0.872116666666667	NaN	3696843	12.1524584214015	3.94999980926514	27.25	20000	NaN	NaN	NaN	750	0	11
52	2	2	0	52	1	1	NaN	1145	252	108112	0.888583333333333	NaN	3518555	12.1524584214015	3.94999980926514	27.25	20000	NaN	NaN	NaN	750	0	11
53	2	2	0	53	1	1	NaN	1183	254	108111	0.90505	NaN	3757226	12.1524584214015	3.94999980926514	27.25	20000	NaN	NaN	NaN	750	0	11
54	2	2	0	54	1	1	NaN	1283	252	108112	0.921516666666667	NaN	3821559	12.1524584214015	3.94999980926514	27.25	20000	NaN	NaN	NaN	750	0	11
55	2	2	0	55	1	1	NaN	1265	253	108112	0.937983333333333	NaN	3924143	12.1524584214015	3.94999980926514	27.25	20000	NaN	NaN	NaN	750	0	11
56	2	2	0	56	1	1	NaN	1113	151	58581	0.954466666666667	NaN	4032716	12.1524584214015	3.94999980926514	27.25	20000	NaN	NaN	NaN	750	0	11
57	2	2	0	57	1	1	NaN	1304	254	108111	0.970933333333333	NaN	3986444	12.1524584214015	3.94999980926514	27.25	20000	NaN	NaN	NaN	750	0	11
58	2	2	0	58	1	1	NaN	1457	253	108111	0.9874	NaN	4121375	12.1524584214015	3.94999980926514	27.25	20000	NaN	NaN	NaN	750	0	11
59	2	2	0	59	1	1	NaN	991	234	63076	1.0042	NaN	4220774	12.1524584214015	3.94843745231628	27.25	20000	NaN	NaN	NaN	750	0	11
60	2	2	0	60	1	1	NaN	1158	253	108111	1.02066666666667	NaN	4295415	12.1524584214015	3.94843745231628	27.25	20000	NaN	NaN	NaN	750	0	11
61	2	2	0	61	1	1	NaN	1298	150	58581	1.03713333333333	NaN	4517206	13.4415002950814	3.94843745231628	27.25	20000	NaN	NaN	NaN	750	0	11
62	3	3	0	62	1	1	NaN	1458	233	108112	1.056	NaN	4558924	13.4415002950814	3.94843745231628	27.25	20000	NaN	NaN	NaN	750	0	11
63	3	3	0	63	1	1	NaN	1560	232	108112	1.07248333333333	NaN	5236202	13.4415002950814	3.94843745231628	27.25	20000	NaN	NaN	NaN	750	0	11
64	3	3	0	64	1	1	NaN	1301	219	63076	1.08894993489583	NaN	5354861	13.4415002950814	3.94843745231628	27.25	20000	NaN	NaN	NaN	750	0	11
65	3	3	0	65	1	1	NaN	1563	233	108111	1.10541666666667	NaN	5610260	13.4415002950814	3.94843745231628	27.25	20000	NaN	NaN	NaN	750	0	11
66	3	3	0	66	1	1	NaN	1706	214	63076	1.12188333333333	NaN	5725870	13.4415002950814	3.94843745231628	27.25	20000	NaN	NaN	NaN	750	0	11
67	3	3	0	67	1	1	NaN	2153	219	63077	1.13835	NaN	5792352	13.4261399370185	3.94843745231628	27.25	20000	NaN	NaN	NaN	750	0	11
68	3	3	0	68	1	1	NaN	2107	209	63077	1.15483333333333	NaN	6540773	13.4271640259977	3.94843745231628	27.25	20000	NaN	NaN	NaN	750	0	11
69	3	3	0	69	1	1	NaN	2247	224	63076	1.1713	NaN	6816159	13.4271640259977	3.94843745231628	27.25	20000	NaN	NaN	NaN	750	0	11
70	3	3	0	70	1	1	NaN	2255	207	63076	1.18776666666667	NaN	7256123	13.4271640259977	3.94843745231628	27.25	20000	NaN	NaN	NaN	750	0	11
71	3	3	0	71	1	1	NaN	2917	216	63077	1.20423333333333	NaN	7535381	13.4271640259977	3.94843745231628	27.25	20000	NaN	NaN	NaN	750	0	11
72	3	3	0	72	1	1	NaN	2345	213	63077	1.2207	NaN	7490013	13.4271640259977	3.94843745231628	27.25	20000	NaN	NaN	NaN	750	0	11
73	3	3	0	73	1	1	NaN	2574	222	63076	1.23718333333333	NaN	8069111	13.4271640259977	3.94843745231628	27.25	20000	NaN	NaN	NaN	750	0	11
74	3	3	0	74	1	1	NaN	2674	219	63077	1.25398333333333	NaN	8658423	13.4271640259977	3.94906234741211	27.25	20000	NaN	NaN	NaN	750	0	11
75	3	3	0	75	1	1	NaN	2914	231	63077	1.27045	NaN	8839065	13.4271640259977	3.94906234741211	27.25	20000	NaN	NaN	NaN	750	0	11
76	3	3	0	76	1	1	NaN	2860	233	63077	1.28691666666667	NaN	8572816	13.4271640259977	3.94906234741211	27.25	20000	NaN	NaN	NaN	750	0	11
77	3	3	0	77	1	1	NaN	3546	229	63077	1.30338333333333	NaN	9272576	13.4271640259977	3.94906234741211	27.25	20000	NaN	NaN	NaN	750	0	11
78	3	3	0	78	1	1	NaN	3375	228	63077	1.31985	NaN	9124703	13.4271640259977	3.94906234741211	27.25	20000	NaN	NaN	NaN	750	0	11
79	3	3	0	79	1	1	NaN	3540	226	63076	1.33633333333333	NaN	9339258	13.4271640259977	3.94906234741211	27.25	20000	NaN	NaN	NaN	750	0	11
80	3	3	0	80	1	1	NaN	3460	226	63076	1.3528	NaN	10133191	13.4271640259977	3.94906234741211	27.25	20000	NaN	NaN	NaN	750	0	11
81	3	3	0	81	1	1	NaN	3637	242	63076	1.36926666666667	NaN	10363217	13.4271640259977	3.94906234741211	27.25	20000	NaN	NaN	NaN	750	0	11
82	3	3	0	82	1	1	NaN	3975	227	63077	1.38573333333333	NaN	10422585	13.4271640259977	3.94906234741211	27.25	20000	NaN	NaN	NaN	750	0	11
83	3	3	0	83	1	1	NaN	3679	233	63077	1.4022	NaN	10676940	13.4271640259977	3.94906234741211	27.25	20000	NaN	NaN	NaN	750	0	11
84	3	3	0	84	1	1	NaN	4506	238	63077	1.41868333333333	NaN	11220073	13.4271640259977	3.94906234741211	27.25	20000	NaN	NaN	NaN	750	0	11
85	3	3	0	85	1	1	NaN	4013	239	63077	1.43515	NaN	10384786	13.4271640259977	3.94906234741211	27.25	20000	NaN	NaN	NaN	750	0	11
86	3	3	0	86	1	1	NaN	4248	233	63077	1.45161666666667	NaN	10935218	13.4271640259977	3.94906234741211	27.25	20000	NaN	NaN	NaN	750	0	11
87	3	3	0	87	1	1	NaN	3522	234	63077	1.46808333333333	NaN	10963725	13.4271640259977	3.94906234741211	27.25	20000	NaN	NaN	NaN	750	0	11
88	3	3	0	88	1	1	NaN	3870	238	63077	1.48455	NaN	11012946	13.4271640259977	3.94906234741211	27.25	20000	NaN	NaN	NaN	750	0	11
89	3	3	0	89	1	1	NaN	3579	245	63076	1.50103333333333	NaN	10578472	13.4271640259977	3.94906234741211	27.25	20000	NaN	NaN	NaN	750	0	11
90	3	3	0	90	1	1	NaN	3424	236	63077	1.51783333333333	NaN	10139042	13.4271640259977	3.94875001907349	27.25	20000	NaN	NaN	NaN	750	0	11
91	3	3	0	91	1	1	NaN	3271	236	63077	1.5343	NaN	10281443	14.7226063093038	3.94875001907349	27.25	20000	NaN	NaN	NaN	750	0	11
92	3	3	0	92	1	1	NaN	3093	244	63077	1.55076666666667	NaN	10305570	14.7226063093038	3.94875001907349	27.25	20000	NaN	NaN	NaN	750	0	11
93	4	4	0	93	1	1	NaN	3570	216	63077	1.56963333333333	NaN	10002072	14.7226063093038	3.94875001907349	27.25	20000	NaN	NaN	NaN	750	0	11
94	4	4	0	94	1	1	NaN	3002	232	63077	1.5861	NaN	9644901	14.7226063093038	3.94875001907349	27.25	20000	NaN	NaN	NaN	750	0	11
95	4	4	0	95	1	1	NaN	2782	218	63077	1.60258333333333	NaN	9566550	14.7226063093038	3.94875001907349	27.25	20000	NaN	NaN	NaN	750	0	11
96	4	4	0	96	1	1	NaN	3017	220	63077	1.61905	NaN	9889696	14.7226063093038	3.94875001907349	27.25	20000	NaN	NaN	NaN	750	0	11
97	4	4	0	97	1	1	NaN	2694	219	63077	1.63551666666667	NaN	9566785	14.7085257206461	3.94875001907349	27.25	20000	NaN	NaN	NaN	750	0	11
98	4	4	0	98	1	1	NaN	3012	217	63077	1.65198333333333	NaN	10016009	14.7081417116945	3.94875001907349	27.25	20000	NaN	NaN	NaN	750	0	11
99	4	4	0	99	1	1	NaN	2481	229	63077	1.66845	NaN	9378000	14.7081417116945	3.94875001907349	27.25	20000	NaN	NaN	NaN	750	0	11
100	4	4	0	100	1	1	NaN	3071	234	63077	1.68493333333333	NaN	9780458	14.7081417116945	3.94875001907349	27.25	20000	NaN	NaN	NaN	750	0	11
101	4	4	0	101	1	1	NaN	2703	215	63077	1.7014	NaN	9663911	14.7081417116945	3.94875001907349	27.25	20000	NaN	NaN	NaN	750	0	11
102	4	4	0	102	1	1	NaN	2886	217	63077	1.71786666666667	NaN	9880547	14.7081417116945	3.94875001907349	27.25	20000	NaN	NaN	NaN	750	0	11
103	4	4	0	103	1	1	NaN	3272	223	63076	1.73433333333333	NaN	9613836	14.7081417116945	3.94875001907349	27.25	20000	NaN	NaN	NaN	750	0	11
104	4	4	0	104	1	1	NaN	2759	231	63077	1.7508	NaN	9941872	14.7081417116945	3.94875001907349	27.25	20000	NaN	NaN	NaN	750	0	11
105	4	4	0	105	1	1	NaN	2497	233	63077	1.7676	NaN	9452939	14.7081417116945	3.94937491416931	27.25	20000	NaN	NaN	NaN	750	0	11
106	4	4	0	106	1	1	NaN	2529	238	63076	1.78408333333333	NaN	9799974	14.7081417116945	3.94937491416931	27.25	20000	NaN	NaN	NaN	750	0	11
107	4	4	0	107	1	1	NaN	2539	220	63076	1.80055	NaN	9365443	14.7081417116945	3.94937491416931	27.25	20000	NaN	NaN	NaN	750	0	11
108	4	4	0	108	1	1	NaN	2451	239	63076	1.81701666666667	NaN	9498932	14.7081417116945	3.94937491416931	27.25	20000	NaN	NaN	NaN	750	0	11
109	4	4	0	109	1	1	NaN	2927	225	63077	1.83348333333333	NaN	9614165	14.7081417116945	3.94937491416931	27.25	20000	NaN	NaN	NaN	750	0	11
110	4	4	0	110	1	1	NaN	2407	222	63077	1.84995	NaN	9530767	14.7081417116945	3.94937491416931	27.25	20000	NaN	NaN	NaN	750	0	11
111	4	4	0	111	1	1	NaN	2601	224	63076	1.86643333333333	NaN	9557622	14.7081417116945	3.94937491416931	27.25	20000	NaN	NaN	NaN	750	0	11
112	4	4	0	112	1	1	NaN	2550	218	63077	1.8829	NaN	9528648	14.7081417116945	3.94937491416931	27.25	20000	NaN	NaN	NaN	750	0	11
113	4	4	0	113	1	1	NaN	2395	229	66753	1.89936666666667	NaN	9095072	14.7081417116945	3.94937491416931	27.25	20000	NaN	NaN	NaN	750	0	11
114	4	4	0	114	1	1	NaN	2285	217	108111	1.91583333333333	NaN	9692260	14.7081417116945	3.94937491416931	27.25	20000	NaN	NaN	NaN	750	0	11
115	4	4	0	115	1	1	NaN	2797	225	63076	1.9323	NaN	9296036	14.7081417116945	3.94937491416931	27.25	20000	NaN	NaN	NaN	750	0	11
116	4	4	0	116	1	1	NaN	2248	223	63076	1.94878333333333	NaN	9526475	14.7081417116945	3.94937491416931	27.25	20000	NaN	NaN	NaN	750	0	11
117	4	4	0	117	1	1	NaN	2622	234	63077	1.96525	NaN	9543499	14.7081417116945	3.94937491416931	27.25	20000	NaN	NaN	NaN	750	0	11
118	4	4	0	118	1	1	NaN	2683	235	63077	1.98171666666667	NaN	9462371	14.7081417116945	3.94937491416931	27.25	20000	NaN	NaN	NaN	750	0	11
119	4	4	0	119	1	1	NaN	2604	219	63077	1.99818333333333	NaN	9594709	14.7081417116945	3.94937491416931	27.25	20000	NaN	NaN	NaN	750	0	11
120	4	4	0	120	1	1	NaN	2698	238	63077	2.01498333333333	NaN	9846169	14.7081417116945	3.94968748092651	27.25	20000	NaN	NaN	NaN	750	0	11
121	4	4	0	121	1	1	NaN	3162	230	63077	2.03145	NaN	9381426	16.0023042255954	3.94968748092651	27.25	20000	NaN	NaN	NaN	750	0	11
122	4	4	0	122	1	1	NaN	2051	233	63077	2.04793333333333	NaN	8968404	16.0023042255954	3.94968748092651	27.25	20000	NaN	NaN	NaN	750	0	11
123	5	5	0	123	1	1	NaN	2363	219	63077	2.0668	NaN	9215040	16.0023042255954	3.94968748092651	27.25	20000	NaN	NaN	NaN	750	0	11
124	5	5	0	124	1	1	NaN	2296	219	63077	2.08326666666667	NaN	9465556	16.0023042255954	3.94968748092651	27.25	20000	NaN	NaN	NaN	750	0	11
125	5	5	0	125	1	1	NaN	2557	209	63076	2.09973333333333	NaN	8880421	16.0023042255954	3.94968748092651	27.25	20000	NaN	NaN	NaN	750	0	11
126	5	5	0	126	1	1	NaN	2078	206	63077	2.1162	NaN	9306659	16.0023042255954	3.94968748092651	27.25	20000	NaN	NaN	NaN	750	0	11
127	5	5	0	127	1	1	NaN	2332	217	63077	2.13266666666667	NaN	9497045	15.9869438675325	3.94968748092651	27.25	20000	NaN	NaN	NaN	750	0	11
128	5	5	0	128	1	1	NaN	2366	208	63076	2.14915013020833	NaN	9013739	15.9865598585809	3.94968748092651	27.25	20000	NaN	NaN	NaN	750	0	11
129	5	5	0	129	1	1	NaN	2573	218	66753	2.16561666666667	NaN	9545359	15.9865598585809	3.94968748092651	27.25	20000	NaN	NaN	NaN	750	0	11
130	5	5	0	130	1	1	NaN	2908	204	63077	2.18208333333333	NaN	9371001	15.9865598585809	3.94968748092651	27.25	20000	NaN	NaN	NaN	750	0	11
131	5	5	0	131	1	1	NaN	2570	219	63077	2.19855	NaN	9435326	15.9865598585809	3.94968748092651	27.25	20000	NaN	NaN	NaN	750	0	11
132	5	5	0	132	1	1	NaN	2906	215	63077	2.21501666666667	NaN	9751857	15.9865598585809	3.94968748092651	27.25	20000	NaN	NaN	NaN	750	0	11
133	5	5	0	133	1	1	NaN	2161	203	63077	2.2315	NaN	9186168	15.9865598585809	3.94968748092651	27.25	20000	NaN	NaN	NaN	750	0	11
134	5	5	0	134	1	1	NaN	2599	213	63077	2.24796666666667	NaN	9218172	15.9865598585809	3.94968748092651	27.25	20000	NaN	NaN	NaN	750	0	11
135	5	5	0	135	1	1	NaN	2736	218	63077	2.26476666666667	NaN	9197427	15.9865598585809	3.94968748092651	27.25	20000	NaN	NaN	NaN	750	0	11
136	5	5	0	136	1	1	NaN	3237	215	63077	2.28123333333333	NaN	9388760	15.9865598585809	3.94968748092651	27.25	20000	NaN	NaN	NaN	750	0	11
137	5	5	0	137	1	1	NaN	2652	217	63077	2.2977	NaN	9612883	15.9865598585809	3.94968748092651	27.25	20000	NaN	NaN	NaN	750	0	11
138	5	5	0	138	1	1	NaN	2574	216	63077	2.31416666666667	NaN	9928405	15.9865598585809	3.94968748092651	27.25	20000	NaN	NaN	NaN	750	0	11
139	5	5	0	139	1	1	NaN	2498	219	63077	2.33065	NaN	9615706	15.9865598585809	3.94968748092651	27.25	20000	NaN	NaN	NaN	750	0	11
140	5	5	0	140	1	1	NaN	2531	217	63077	2.34711666666667	NaN	9507776	15.9865598585809	3.94968748092651	27.25	20000	NaN	NaN	NaN	750	0	11
141	5	5	0	141	1	1	NaN	2820	202	63077	2.36358333333333	NaN	9168265	15.9865598585809	3.94968748092651	27.25	20000	NaN	NaN	NaN	750	0	11
142	5	5	0	142	1	1	NaN	2568	208	63077	2.38005	NaN	9647718	15.9865598585809	3.94968748092651	27.25	20000	NaN	NaN	NaN	750	0	11
143	5	5	0	143	1	1	NaN	2626	212	63077	2.39651666666667	NaN	9406975	15.9865598585809	3.94968748092651	27.25	20000	NaN	NaN	NaN	750	0	11
144	5	5	0	144	1	1	NaN	3504	217	63077	2.413	NaN	9858451	15.9865598585809	3.94968748092651	27.25	20000	NaN	NaN	NaN	750	0	11
145	5	5	0	145	1	1	NaN	2317	219	63077	2.42946666666667	NaN	9359438	15.9865598585809	3.94968748092651	27.25	20000	NaN	NaN	NaN	750	0	11
146	5	5	0	146	1	1	NaN	2658	211	63076	2.44593333333333	NaN	9303038	15.9865598585809	3.94968748092651	27.25	20000	NaN	NaN	NaN	750	0	11
147	5	5	0	147	1	1	NaN	2388	202	63077	2.4624	NaN	9451128	15.9865598585809	3.94968748092651	27.25	20000	NaN	NaN	NaN	750	0	11
148	5	5	0	148	1	1	NaN	2817	209	63076	2.47886666666667	NaN	9554567	15.9865598585809	3.94968748092651	27.25	20000	NaN	NaN	NaN	750	0	11
149	5	5	0	149	1	1	NaN	2040	215	63077	2.49535	NaN	9267834	15.9865598585809	3.94968748092651	27.25	20000	NaN	NaN	NaN	750	0	11
150	5	5	0	150	1	1	NaN	2724	208	63076	2.51215	NaN	9445865	15.9865598585809	3.94999980926514	27.25	20000	NaN	NaN	NaN	750	0	11
151	5	5	0	151	1	1	NaN	2648	204	63076	2.52861666666667	NaN	9695775	15.9865598585809	3.94999980926514	27.25	20000	NaN	NaN	NaN	750	0	11
152	5	5	0	152	1	1	NaN	2318	225	63077	2.54508333333333	NaN	9381314	17.2820021418871	3.94999980926514	27.25	20000	NaN	NaN	NaN	750	0	11
153	6	6	0	153	1	1	NaN	2703	203	63077	2.56395	NaN	9201869	17.2820021418871	3.94999980926514	27.25	20000	NaN	NaN	NaN	750	0	11
154	6	6	0	154	1	1	NaN	2757	197	63077	2.58041666666667	NaN	9253678	17.2820021418871	3.94999980926514	27.25	20000	NaN	NaN	NaN	750	0	11
155	6	6	0	155	1	1	NaN	2976	200	63077	2.5969	NaN	8994789	17.2820021418871	3.94999980926514	27.25	20000	NaN	NaN	NaN	750	0	11
156	6	6	0	156	1	1	NaN	2606	196	63077	2.61336666666667	NaN	9775118	17.2820021418871	3.94999980926514	27.25	20000	NaN	NaN	NaN	750	0	11
157	6	6	0	157	1	1	NaN	3060	196	63077	2.62983333333333	NaN	9680650	17.2628009130084	3.94999980926514	27.25	20000	NaN	NaN	NaN	750	0	11
158	6	6	0	158	1	1	NaN	2220	196	63077	2.6463	NaN	9513174	17.2625448419324	3.94999980926514	27.25	20000	NaN	NaN	NaN	750	0	11
159	6	6	0	159	1	1	NaN	2427	210	63077	2.66276666666667	NaN	9251692	17.2625448419324	3.94999980926514	27.25	20000	NaN	NaN	NaN	750	0	11
160	6	6	0	160	1	1	NaN	2566	207	63076	2.67925	NaN	9883080	17.2625448419324	3.94999980926514	27.25	20000	NaN	NaN	NaN	750	0	11
161	6	6	0	161	1	1	NaN	2628	213	63077	2.69571666666667	NaN	9622520	17.2625448419324	3.94999980926514	27.25	20000	NaN	NaN	NaN	750	0	11
162	6	6	0	162	1	1	NaN	2286	199	63077	2.71218333333333	NaN	9281005	17.2625448419324	3.94999980926514	27.25	20000	NaN	NaN	NaN	750	0	11
163	6	6	0	163	1	1	NaN	2907	202	63077	2.72865	NaN	9249837	17.2625448419324	3.94999980926514	27.25	20000	NaN	NaN	NaN	750	0	11
164	6	6	0	164	1	1	NaN	2676	201	63077	2.74511666666667	NaN	9911696	17.2625448419324	3.94999980926514	27.25	20000	NaN	NaN	NaN	750	0	11
165	6	6	0	165	1	1	NaN	2585	200	63077	2.76191666666667	NaN	9553285	17.2625448419324	3.94968748092651	27.25	20000	NaN	NaN	NaN	750	0	11
166	6	6	0	166	1	1	NaN	2477	200	63077	2.7784	NaN	9250195	17.2625448419324	3.94968748092651	27.25	20000	NaN	NaN	NaN	750	0	11
167	6	6	0	167	1	1	NaN	2302	201	63077	2.79486666666667	NaN	9505845	17.2625448419324	3.94968748092651	27.25	20000	NaN	NaN	NaN	750	0	11
168	6	6	0	168	1	1	NaN	2221	195	63077	2.81133333333333	NaN	9492381	17.2625448419324	3.94968748092651	27.25	20000	NaN	NaN	NaN	750	0	11
169	6	6	0	169	1	1	NaN	2623	201	63077	2.8278	NaN	9447382	17.2625448419324	3.94968748092651	27.25	20000	NaN	NaN	NaN	750	0	11
170	6	6	0	170	1	1	NaN	2407	198	63076	2.84426666666667	NaN	9319018	17.2625448419324	3.94968748092651	27.25	20000	NaN	NaN	NaN	750	0	11
171	6	6	0	171	1	1	NaN	2649	205	63077	2.86075	NaN	9034094	17.2625448419324	3.94968748092651	27.25	20000	NaN	NaN	NaN	750	0	11
172	6	6	0	172	1	1	NaN	2859	201	63077	2.87721666666667	NaN	9767753	17.2625448419324	3.94968748092651	27.25	20000	NaN	NaN	NaN	750	0	11
173	6	6	0	173	1	1	NaN	2693	199	63077	2.89368333333333	NaN	9536371	17.2625448419324	3.94968748092651	27.25	20000	NaN	NaN	NaN	750	0	11
174	6	6	0	174	1	1	NaN	2558	194	66753	2.91015	NaN	9502764	17.2625448419324	3.94968748092651	27.25	20000	NaN	NaN	NaN	750	0	11
175	6	6	0	175	1	1	NaN	2309	201	63077	2.92661666666667	NaN	9247305	17.2625448419324	3.94968748092651	27.25	20000	NaN	NaN	NaN	750	0	11
176	6	6	0	176	1	1	NaN	2642	192	63076	2.9431	NaN	9511688	17.2625448419324	3.94968748092651	27.25	20000	NaN	NaN	NaN	750	0	11
177	6	6	0	177	1	1	NaN	2373	218	63077	2.95956666666667	NaN	9053898	17.2625448419324	3.94968748092651	27.25	20000	NaN	NaN	NaN	750	0	11
178	6	6	0	178	1	1	NaN	2686	197	63077	2.97603333333333	NaN	9295135	17.2625448419324	3.94968748092651	27.25	20000	NaN	NaN	NaN	750	0	11
179	6	6	0	179	1	1	NaN	2333	198	63077	2.9925	NaN	9445488	17.2625448419324	3.94968748092651	27.25	20000	NaN	NaN	NaN	750	0	11
180	6	6	0	180	1	1	NaN	2425	202	63077	3.0093	NaN	9257296	17.2625448419324	3.94999980926514	27.25	20000	NaN	NaN	NaN	750	0	11
181	6	6	0	181	1	1	NaN	2482	205	63076	3.02576666666667	NaN	9811459	17.2625448419324	3.94999980926514	27.25	20000	NaN	NaN	NaN	750	0	11
182	6	6	0	182	1	1	NaN	2744	198	63077	3.04225	NaN	9688341	18.5618279960542	3.94999980926514	27.25	20000	NaN	NaN	NaN	750	0	11
183	7	7	0	183	1	1	NaN	2529	199	63077	3.06111666666667	NaN	9628914	18.5618279960542	3.94999980926514	27.25	20000	NaN	NaN	NaN	750	0	11
184	7	7	0	184	1	1	NaN	2980	186	63077	3.07758333333333	NaN	9359353	18.5618279960542	3.94999980926514	27.25	20000	NaN	NaN	NaN	750	0	11
185	7	7	0	185	1	1	NaN	2861	184	63077	3.09405	NaN	9491903	18.5618279960542	3.94999980926514	27.25	20000	NaN	NaN	NaN	750	0	11
186	7	7	0	186	1	1	NaN	2747	195	63077	3.11051666666667	NaN	9488680	18.5618279960542	3.94999980926514	27.25	20000	NaN	NaN	NaN	750	0	11
187	7	7	0	187	1	1	NaN	2623	182	63077	3.12698333333333	NaN	9441057	18.5618279960542	3.94999980926514	27.25	20000	NaN	NaN	NaN	750	0	11
188	7	7	0	188	1	1	NaN	2615	190	63077	3.14346666666667	NaN	9278986	18.5400672283651	3.94999980926514	27.25	20000	NaN	NaN	NaN	750	0	11
189	7	7	0	189	1	1	NaN	2843	183	63076	3.15993333333333	NaN	9508371	18.5407073083927	3.94999980926514	27.25	20000	NaN	NaN	NaN	750	0	11
190	7	7	0	190	1	1	NaN	2772	190	63076	3.1764	NaN	9505730	18.5407073083927	3.94999980926514	27.25	20000	NaN	NaN	NaN	750	0	11
191	7	7	0	191	1	1	NaN	2606	191	63076	3.19286666666667	NaN	9269353	18.5407073083927	3.94999980926514	27.25	20000	NaN	NaN	NaN	750	0	11
192	7	7	0	192	1	1	NaN	2862	181	66753	3.20933333333333	NaN	9396562	18.5407073083927	3.94999980926514	27.25	20000	NaN	NaN	NaN	750	0	11
193	7	7	0	193	1	1	NaN	2648	197	63077	3.22581666666667	NaN	9261646	18.5407073083927	3.94999980926514	27.25	20000	NaN	NaN	NaN	750	0	11
194	7	7	0	194	1	1	NaN	3041	189	63077	3.24228333333333	NaN	9711488	18.5407073083927	3.94999980926514	27.25	20000	NaN	NaN	NaN	750	0	11
195	7	7	0	195	1	1	NaN	3129	193	63077	3.25908333333333	NaN	9595879	18.5407073083927	3.94906234741211	27.25	20000	NaN	NaN	NaN	750	0	11
196	7	7	0	196	1	1	NaN	2539	196	63077	3.27555	NaN	9612187	18.5407073083927	3.94906234741211	27.25	20000	NaN	NaN	NaN	750	0	11
197	7	7	0	197	1	1	NaN	3061	188	63077	3.29201666666667	NaN	9782732	18.5407073083927	3.94906234741211	27.25	20000	NaN	NaN	NaN	750	0	11
198	7	7	0	198	1	1	NaN	2286	196	63077	3.30848333333333	NaN	9580500	18.5407073083927	3.94906234741211	27.25	20000	NaN	NaN	NaN	750	0	11
199	7	7	0	199	1	1	NaN	2980	193	63076	3.32496666666667	NaN	9482350	18.5407073083927	3.94906234741211	27.25	20000	NaN	NaN	NaN	750	0	11
200	7	7	0	200	1	1	NaN	2843	193	63076	3.34143333333333	NaN	9600471	18.5407073083927	3.94906234741211	27.25	20000	NaN	NaN	NaN	750	0	11
201	7	7	0	201	1	1	NaN	2766	187	63077	3.3579	NaN	9731667	18.5407073083927	3.94906234741211	27.25	20000	NaN	NaN	NaN	750	0	11
202	7	7	0	202	1	1	NaN	2993	201	63077	3.37436666666667	NaN	9580739	18.5407073083927	3.94906234741211	27.25	20000	NaN	NaN	NaN	750	0	11
203	7	7	0	203	1	1	NaN	3160	195	63077	3.39083333333333	NaN	9913600	18.5407073083927	3.94906234741211	27.25	20000	NaN	NaN	NaN	750	0	11
204	7	7	0	204	1	1	NaN	2206	186	63077	3.40731666666667	NaN	9619706	18.5407073083927	3.94906234741211	27.25	20000	NaN	NaN	NaN	750	0	11
205	7	7	0	205	1	1	NaN	2694	192	63077	3.42378333333333	NaN	9874544	18.5407073083927	3.94906234741211	27.25	20000	NaN	NaN	NaN	750	0	11
206	7	7	0	206	1	1	NaN	2495	184	63077	3.44025	NaN	9585296	18.5407073083927	3.94906234741211	27.25	20000	NaN	NaN	NaN	750	0	11
207	7	7	0	207	1	1	NaN	2712	193	63076	3.45671666666667	NaN	9833004	18.5407073083927	3.94906234741211	27.25	20000	NaN	NaN	NaN	750	0	11
208	7	7	0	208	1	1	NaN	3124	192	63077	3.47318333333333	NaN	9837093	18.5407073083927	3.94906234741211	27.25	20000	NaN	NaN	NaN	750	0	11
209	7	7	0	209	1	1	NaN	2394	184	63077	3.48966666666667	NaN	9590573	18.5407073083927	3.94906234741211	27.25	20000	NaN	NaN	NaN	750	0	11
